25.0 0 36.20469434182205
50.0 0 29.730690352636596
75.0 0 21.907769689026978
100.0 0 17.54188428712011
125.0 0 15.13171984245355
150.0 0 13.701899513203132
175.0 0 12.794069232593738
200.0 0 12.18449626382593
225.0 0 11.75619151305056
250.0 0 11.443893524690452
275.0 0 11.209107958372346
300.0 0 11.028027271518635
325.0 0 10.885320926341713
350.0 0 10.77076905581361
375.0 0 10.67735119916351
400.0 0 10.600116604430934
425.0 0 10.535492567806703
450.0 0 10.480847621672076
475.0 0 10.43420796930834
500.0 0 10.394068815162125
525.0 0 10.359266022007377
550.0 0 10.32888703773893
575.0 0 10.302207939131673
600.0 0 10.278648188079996
625.0 0 10.257737617653971
650.0 0 10.239092002422407
675.0 0 10.222394746368641
700.0 0 10.207382992236832
725.0 0 10.193832752271211
750.0 0 10.181571733845354
775.0 0 10.170430723942884
800.0 0 10.160280654538745
825.0 0 10.151007470337362
850.0 0 10.142513096003903
875.0 0 10.134712813360577
900.0 0 10.1275331296075
925.0 0 10.120910033772496
950.0 0 10.11478756236425
975.0000000000001 0 10.109116612754002
1000.0 0 10.10385395642888

25.0 -25 35.76685029875989
50.0 -25 28.676761618112856
75.0 -25 21.03491063947048
100.0 -25 16.92853472075044
125.0 -25 14.689154018582107
150.0 -25 13.368580755543006
175.0 -25 12.5332673462463
200.0 -25 11.973984316033508
225.0 -25 11.581984873279012
250.0 -25 11.296824352222183
275.0 -25 11.08293262614728
300.0 -25 10.918345945136647
325.0 -25 10.788937903259589
350.0 -25 10.685300562935698
375.0 -25 10.600977013304878
400.0 -25 10.531418031742282
425.0 -25 10.473343855740602
450.0 -25 10.42434135142293
475.0 -25 10.382602610250784
500.0 -25 10.3467510740951
525.0 -25 10.315723285140994
550.0 -25 10.288686837894625
575.0 -25 10.264982405930255
600.0 -25 10.244082095126924
625.0 -25 10.22555906911035
650.0 -25 10.209065085990266
675.0 -25 10.194313672145922
700.0 -25 10.18106736907265
725.0 -25 10.169124609921369
750.0 -25 10.158328913483691
775.0 -25 10.148529459543617
800.0 -25 10.139609946615625
825.0 -25 10.131468133697648
850.0 -25 10.124016228917815
875.0 -25 10.117178500568267
900.0 -25 10.11088933793503
925.0 -25 10.105091667414136
950.0 -25 10.099735651218426
975.0000000000001 -25 10.09477761226939
1000.0 -25 10.090179141374012

25.0 -50 35.27598156685433
50.0 -50 27.56804200846381
75.0 -50 20.17665701903534
100.0 -50 16.338302005477374
125.0 -50 14.26845440571564
150.0 -50 13.054607725110367
175.0 -50 12.289479025908625
200.0 -50 11.778535146905721
225.0 -50 11.421228440428518
250.0 -50 11.16185893072054
275.0 -50 10.967719997321096
300.0 -50 10.818646446093426
325.0 -50 10.701683190887413
350.0 -50 10.608210304458142
375.0 -50 10.532316667230676
400.0 -50 10.469841084235687
425.0 -50 10.417786209540756
450.0 -50 10.373948841896235
475.0 -50 10.336680111852782
500.0 -50 10.304726013930475
525.0 -50 10.277118981202356
550.0 -50 10.253102673159617
575.0 -50 10.232078848098
600.0 -50 10.2135692112496
625.0 -50 10.197187601662279
650.0 -50 10.18261943442126
675.0 -50 10.169606311620663
700.0 -50 10.157934367135194
725.0 -50 10.147422739439294
750.0 -50 10.137929690599744
775.0 -50 10.12932118137159
800.0 -50 10.121492669584864
825.0 -50 10.11435272505259
850.0 -50 10.107822941860714
875.0 -50 10.101835770650675
900.0 -50 10.096332761163977
925.0 -50 10.091263128463977
950.0 -50 10.086582576421616
975.0000000000001 -50 10.082252326848627
1000.0 -50 10.078238314228555

25.0 -75 34.7221596279281
50.0 -75 26.416120467565467
75.0 -75 19.33777671137932
100.0 -75 15.77321965626142
125.0 -75 13.870672987242793
150.0 -75 12.760609511146445
175.0 -75 12.063121018977807
200.0 -75 11.598445299834795
225.0 -75 11.274144042527297
250.0 -75 11.039169163074035
275.0 -75 10.86360671473508
300.0 -75 10.729039444722297
325.0 -75 10.623647708932607
350.0 -75 10.539573812472371
375.0 -75 10.471433479197708
400.0 -75 10.415439243378568
425.0 -75 10.368865095780109
450.0 -75 10.32970896697348
475.0 -75 10.296473881958905
500.0 -75 10.268022479619141
525.0 -75 10.243478123403584
550.0 -75 10.222156321778849
575.0 -75 10.203516299473735
600.0 -75 10.187126231630758
625.0 -75 10.172637909297363
650.0 -75 10.159768022545316
675.0 -75 10.14828415729308
700.0 -75 10.137994196288606
725.0 -75 10.128736201354133
750.0 -75 10.120382191589487
775.0 -75 10.112813168445491
800.0 -75 10.105935359940018
825.0 -75 10.09966712838272
850.0 -75 10.093938543816954
875.0 -75 10.088689424577417
900.0 -75 10.083867750263215
925.0 -75 10.079428368301265
950.0 -75 10.075331933676795
975.0000000000001 -75 10.071544034881084
1000.0 -75 10.068034469661725

25.0 -100 34.08768879542583
50.0 -100 25.23351801687419
75.0 -100 18.522869699480317
100.0 -100 15.235206385279296
125.0 -100 13.49678951137845
150.0 -100 12.48716558272558
175.0 -100 11.854573396547769
200.0 -100 11.43398281935336
225.0 -100 11.140930623846957
250.0 -100 10.928908175021865
275.0 -100 10.770713786398689
300.0 -100 10.649622458189342
325.0 -100 10.5549112272092
350.0 -100 10.479457111170971
375.0 -100 10.418382620196486
400.0 -100 10.368258979887132
425.0 -100 10.326619925444538
450.0 -100 10.29165535173464
475.0 -100 10.262012763864567
500.0 -100 10.236665334077701
525.0 -100 10.214822240463219
550.0 -100 10.195866503827922
575.0 -100 10.179311102130962
600.0 -100 10.164767475526554
625.0 -100 10.151922583061484
650.0 -100 10.140521958907595
675.0 -100 10.130357041072857
700.0 -100 10.121255585081846
725.0 -100 10.113072736700026
750.0 -100 10.105693355419959
775.0 -100 10.099011632890411
800.0 -100 10.0929435934038
825.0 -100 10.087416360567387
850.0 -100 10.082367559555955
875.0 -100 10.077743552592537
900.0 -100 10.073498010795134
925.0 -100 10.069590751076147
950.0 -100 10.065986783401913
975.0000000000001 -100 10.062655525926155
1000.0 -100 10.059570155147092

25.0 -125 33.347505856005874
50.0 -125 24.03335729602155
75.0 -125 17.73633762922761
100.0 -125 14.726060694748668
125.0 -125 13.147709654277485
150.0 -125 12.23480483552303
175.0 -125 11.664178934148707
200.0 -125 11.285386804111567
225.0 -125 11.021763906010673
250.0 -125 10.83121005191837
275.0 -125 10.689146378358007
300.0 -125 10.580479686212781
325.0 -125 10.495542234614229
350.0 -125 10.427916611913101
375.0 -125 10.373211029536392
400.0 -125 10.328339685583481
425.0 -125 10.291083998759891
450.0 -125 10.259816327566817
475.0 -125 10.233320999691765
500.0 -125 10.210675428175978
525.0 -125 10.191169351935095
550.0 -125 10.174248860858478
575.0 -125 10.159476889528145
600.0 -125 10.14650487221499
625.0 -125 10.135052099362053
650.0 -125 10.124890475949552
675.0 -125 10.115833126015616
700.0 -125 10.107725773763782
725.0 -125 10.100438761173706
750.0 -125 10.093868928599887
775.0 -125 10.087921715646813
800.0 -125 10.082521981272741
825.0 -125 10.07760456825468
850.0 -125 10.073113726929442
875.0 -125 10.06900153187832
900.0 -125 10.065226600893885
925.0 -125 10.061753051972376
950.0 -125 10.058549649197316
975.0000000000001 -125 10.055589099380247
1000.0 -125 10.052847469811939

25.0 -150 32.47177712565373
50.0 -150 22.82903916139334
75.0 -150 16.982358174376547
100.0 -150 14.247456416793835
125.0 -150 12.824263512596232
150.0 -150 12.004004809262247
175.0 -150 11.492242602305701
200.0 -150 11.152867038426312
225.0 -150 10.916796108307071
250.0 -150 10.7461896213856
275.0 -150 10.618993643631002
300.0 -150 10.521681875364
325.0 -150 10.445597830935695
350.0 -150 10.384999026553668
375.0 -150 10.335957345192572
400.0 -150 10.295713617207932
425.0 -150 10.262284459666342
450.0 -150 10.234214895188275
475.0 -150 10.210418200229954
500.0 -150 10.190069576035958
525.0 -150 10.172533947898557
550.0 -150 10.157315939137762
575.0 -150 10.144024572599108
600.0 -150 10.132347949478705
625.0 -150 10.122034810331252
650.0 -150 10.112880921948742
675.0 -150 10.104718899554769
700.0 -150 10.097410508564671
725.0 -150 10.090839360325468
750.0 -150 10.084913461059651
775.0 -150 10.079547482971256
800.0 -150 10.074674167404295
825.0 -150 10.070235025289199
850.0 -150 10.06617999464684
875.0 -150 10.062466024650263
900.0 -150 10.059055929617378
925.0 -150 10.055917455743375
950.0 -150 10.053022516599881
975.0000000000001 -150 10.050346563381526
1000.0 -150 10.04786806345782

25.0 -175 31.431266588275125
50.0 -175 21.633941706463748
75.0 -175 16.264863872614505
100.0 -175 13.80093910088373
125.0 -175 12.52720439605664
150.0 -175 11.79519106511009
175.0 -175 11.33903116241923
200.0 -175 11.036603700401596
225.0 -175 10.82615572634728
250.0 -175 10.673942281435032
275.0 -175 10.560328587051403
300.0 -175 10.473286211980797
325.0 -175 10.40512364152223
350.0 -175 10.35074129920078
375.0 -175 10.306651848972132
400.0 -175 10.270405852204684
425.0 -175 10.240242260078325
450.0 -175 10.214868695599142
475.0 -175 10.193319321237286
500.0 -175 10.174860535654503
525.0 -175 10.158926973065215
550.0 -175 10.145077176526177
575.0 -175 10.132962328907356
600.0 -175 10.122303824562156
625.0 -175 10.112876936294008
650.0 -175 10.10449875470608
675.0 -175 10.097019168187085
700.0 -175 10.090314037237775
725.0 -175 10.084278285814161
750.0 -175 10.078830302950442
775.0 -175 10.07389192368587
800.0 -175 10.069402825897603
825.0 -175 10.065310130685724
850.0 -175 10.061568520559256
875.0 -175 10.058138976654298
900.0 -175 10.054987755641251
925.0 -175 10.052085555613875
950.0 -175 10.04940683209201
975.0000000000001 -175 10.046929233952799
1000.0 -175 10.044633135833084

25.0 -200 30.20488332320487
50.0 -200 20.461153166813617
75.0 -200 15.587525020663984
100.0 -200 13.387923150690018
125.0 -200 12.25720789181757
150.0 -200 11.608736712794705
175.0 -200 11.204772863661956
200.0 -200 10.936747144630626
225.0 -200 10.749947368071469
250.0 -200 10.61454387360507
275.0 -200 10.513207965801541
300.0 -200 10.435336243559009
325.0 -200 10.374153754815813
350.0 -200 10.325170556300552
375.0 -200 10.28531642651862
400.0 -200 10.252434256536393
425.0 -200 10.224972133831905
450.0 -200 10.201789988975278
475.0 -200 10.182034646272953
500.0 -200 10.165056994853582
525.0 -200 10.150355815207673
550.0 -200 10.137538892978068
575.0 -200 10.126295594785658
600.0 -200 10.116377197652488
625.0 -200 10.107582560322491
650.0 -200 10.099747536993641
675.0 -200 10.092737053652252
700.0 -200 10.086439105810559
725.0 -200 10.08075795269712
750.0 -200 10.075621602308095
775.0 -200 10.070956947213169
800.0 -200 10.066709659372698
825.0 -200 10.062831407192046
850.0 -200 10.059280670389967
875.0 -200 10.05602161610017
900.0 -200 10.053023186336276
925.0 -200 10.050258352452564
950.0 -200 10.047703502415727
975.0000000000001 -200 10.045337934395292
1000.0 -200 10.04314343607423

25.0 -225 28.787327886197566
50.0 -225 19.32324558752974
75.0 -225 14.953736170033288
100.0 -225 13.009689616059644
125.0 -225 12.014871174042176
150.0 -225 11.44496207772922
175.0 -225 11.08965723677971
200.0 -225 10.853417757606149
225.0 -225 10.688251646237187
250.0 -225 10.568050600651073
275.0 -225 10.477672225428247
300.0 -225 10.407861828526249
325.0 -225 10.352710682643705
350.0 -225 10.308304075124255
375.0 -225 10.271964542137578
400.0 -225 10.241809464486938
425.0 -225 10.216482580468499
450.0 -225 10.194985641526264
475.0 -225 10.176569776017978
500.0 -225 10.160663562579824
525.0 -225 10.146824298070525
550.0 -225 10.134704284672907
575.0 -225 10.124027060492903
600.0 -225 10.114570347857022
625.0 -225 10.106153624905513
650.0 -225 10.09862893376893
675.0 -225 10.091873990595662
700.0 -225 10.085786956634331
725.0 -225 10.08027943777313
750.0 -225 10.07528830366379
775.0 -225 10.070743382364705
800.0 -225 10.066595397970975
825.0 -225 10.062799500414538
850.0 -225 10.059317017009896
875.0 -225 10.0561144529986
900.0 -225 10.053162677198706
925.0 -225 10.050436254299843
950.0 -225 10.047912894131345
975.0000000000001 -225 10.045572994911094
1000.0 -225 10.043399262409883

25.0 -250 27.19402372689817
50.0 -250 18.232091788243814
75.0 -250 14.366605747775008
100.0 -250 12.66738455162302
125.0 -250 11.800712534128621
150.0 -250 11.304134499160224
175.0 -250 10.993834980915977
200.0 -250 10.786705883947615
225.0 -250 10.641125126401864
250.0 -250 10.534498988343932
275.0 -250 10.453745471091182
300.0 -250 10.390879114259837
325.0 -250 10.340805343269771
350.0 -250 10.300149270540915
375.0 -250 10.266601228433705
400.0 -250 10.238534870502912
425.0 -250 10.21477585872026
450.0 -250 10.194457120325135
475.0 -250 10.176925624121841
500.0 -250 10.161680765546587
525.0 -250 10.148332678633706
550.0 -250 10.136573421807284
575.0 -250 10.12615666839858
600.0 -250 10.116883131727427
625.0 -250 10.10858993071072
650.0 -250 10.10114271114177
675.0 -250 10.094429725706597
700.0 -250 10.08835732765328
725.0 -250 10.082842479001089
750.0 -250 10.077830147508088
775.0 -250 10.07325097691637
800.0 -250 10.06905979897032
825.0 -250 10.065214178484885
850.0 -250 10.061677340134567
875.0 -250 10.058417278940905
900.0 -250 10.055406031664006
925.0 -250 10.052619076174853
950.0 -250 10.050034833479328
975.0000000000001 -250 10.04763425247394
1000.0 -250 10.045400462022597

25.0 -275 25.46131626717222
50.0 -275 17.19872460113672
75.0 -275 13.828948332168833
100.0 -275 12.362017860709772
125.0 -275 11.615171109355224
150.0 -275 11.186468251207602
175.0 -275 10.91741793989577
200.0 -275 10.736671821739451
225.0 -275 10.608600329525677
250.0 -275 10.513905890791653
275.0 -275 10.441435473692728
300.0 -275 10.38439054319337
325.0 -275 10.338437067019335
350.0 -275 10.300703700071612
375.0 -275 10.269223090719622
400.0 -275 10.242606632985341
425.0 -275 10.219847989783942
450.0 -275 10.200200496068446
475.0 -275 10.183098419545582
500.0 -275 10.168105050233432
525.0 -275 10.154877648793681
550.0 -275 10.143143250015179
575.0 -275 10.132681614190766
600.0 -275 10.123312984257321
625.0 -275 10.114889137440612
650.0 -275 10.107286737108838
675.0 -275 10.100402318355954
700.0 -275 10.094148452952014
725.0 -275 10.088445475933565
750.0 -275 10.083245670703967
775.0 -275 10.078478397943675
800.0 -275 10.07410164709109
825.0 -275 10.070074332338907
850.0 -275 10.06636062656989
875.0 -275 10.062929167285866
900.0 -275 10.059752401247547
925.0 -275 10.056806040242696
950.0 -275 10.054068606497118
975.0000000000001 -275 10.051521050947999
1000.0 -275 10.049146431151378

25.0 -300 23.641896755358765
50.0 -300 16.233234793019786
75.0 -300 13.343279135852608
100.0 -300 12.094462551637019
125.0 -300 11.45860679016999
150.0 -300 11.09212457949836
175.0 -300 10.860479164761689
200.0 -300 10.703345885367524
225.0 -300 10.590685788310527
250.0 -300 10.506268538869891
275.0 -300 10.44073371069807
300.0 -300 10.388384886805186
325.0 -300 10.345593624451517
350.0 -300 10.309955087122093
375.0 -300 10.27981832617393
400.0 -300 10.254013690065973
425.0 -300 10.231688770295372
450.0 -300 10.212206453791012
475.0 -300 10.195079715415691
500.0 -300 10.179928790191035
525.0 -300 10.16645234144722
550.0 -300 10.154407595421706
575.0 -300 10.143596351087572
600.0 -300 10.133854922429611
625.0 -300 10.125046766815077
650.0 -300 10.117056984065282
675.0 -300 10.109788142680824
700.0 -300 10.103157064531302
725.0 -300 10.097085491242185
750.0 -300 10.091532207779187
775.0 -300 10.086423232930846
800.0 -300 10.08171875543153
825.0 -300 10.07737797651289
850.0 -300 10.073365070906693
875.0 -300 10.06964847375845
900.0 -300 10.066200286102365
925.0 -300 10.062995776260818
950.0 -300 10.060012959429232
975.0000000000001 -300 10.057232241420369
1000.0 -300 10.054636115409364

25.0 -325 21.797323240722836
50.0 -325 15.344702499553152
75.0 -325 12.911810283758712
100.0 -325 11.865454342155457
125.0 -325 11.331300289079199
150.0 -325 11.021211847133296
175.0 -325 10.823053059671215
200.0 -325 10.68672853435819
225.0 -325 10.587366156425377
250.0 -325 10.51156463120825
275.0 -325 10.451615441221689
300.0 -325 10.40283730729544
325.0 -325 10.362251276871168
350.0 -325 10.327881362308888
375.0 -325 10.2983667576318
400.0 -325 10.27273778726656
425.0 -325 10.250281795006266
450.0 -325 10.230460311484535
475.0 -325 10.212856404342034
500.0 -325 10.197140298705479
525.0 -325 10.183046340946825
550.0 -325 10.1703571733365
575.0 -325 10.158892597079323
600.0 -325 10.148501551252922
625.0 -325 10.139056207618022
650.0 -325 10.130447533041982
675.0 -325 10.122581891213638
700.0 -325 10.115378395364612
725.0 -325 10.108758253258124
750.0 -325 10.102685893112989
775.0 -325 10.097081991650743
800.0 -325 10.091907967093373
825.0 -325 10.087122250533069
850.0 -325 10.08268807671392
875.0 -325 10.07857283751309
900.0 -325 10.074747535902715
925.0 -325 10.071186322359338
950.0 -325 10.067866099406752
975.0000000000001 -325 10.064766182824062
1000.0 -325 10.061868010299124

25.0 -350 19.990252347931182
50.0 -350 14.541156253355847
75.0 -350 12.5364485157519
100.0 -350 11.67559155722739
125.0 -350 11.233453356739076
150.0 -350 10.973785784572206
175.0 -350 10.805135608707088
200.0 -350 10.686790566899036
225.0 -350 10.59860236985583
250.0 -350 10.529752467246798
275.0 -350 10.474039815112242
300.0 -350 10.427709446736301
325.0 -350 10.388374849046324
350.0 -350 10.354450722757996
375.0 -350 10.324839881954098
400.0 -350 10.298753516999374
425.0 -350 10.275604489115416
450.0 -350 10.254942046586718
475.0 -350 10.236410740201947
500.0 -350 10.219723846730913
525.0 -350 10.204645697948216
550.0 -350 10.190979600542171
575.0 -350 10.178559345157357
600.0 -350 10.167243072311724
625.0 -350 10.156908722863069
650.0 -350 10.147450579739889
675.0 -350 10.138776579923576
700.0 -350 10.13080618366288
725.0 -350 10.123458159593499
750.0 -350 10.116701664056633
775.0 -350 10.110450108813506
800.0 -350 10.104665157445861
825.0 -350 10.09930342088148
850.0 -350 10.094326258227166
875.0 -350 10.089699182551435
900.0 -350 10.085391351092978
925.0 -350 10.081375126141086
950.0 -350 10.077625695393786
975.0000000000001 -350 10.074120742741759
1000.0 -350 10.07084016194529

25.0 -375 18.278393412626855
50.0 -375 13.82955358285185
75.0 -375 12.218793991463293
100.0 -375 11.525335274701014
125.0 -375 11.16518913360205
150.0 -375 10.949849839142674
175.0 -375 10.806684681479334
200.0 -375 10.70347337683796
225.0 -375 10.624331859595577
250.0 -375 10.560771121839798
275.0 -375 10.50795001566091
300.0 -375 10.462949543400896
325.0 -375 10.423917823952415
350.0 -375 10.389621709239583
375.0 -375 10.359200932880876
400.0 -375 10.332028369853958
425.0 -375 10.30762815015526
450.0 -375 10.285626330322836
475.0 -375 10.26572036633113
500.0 -375 10.247659686125639
525.0 -375 10.231232948580814
550.0 -375 10.216259411215383
575.0 -375 10.202582876542026
600.0 -375 10.19006729478112
625.0 -375 10.178593459022611
650.0 -375 10.16805644226718
675.0 -375 10.158363554762893
700.0 -375 10.149432678431266
725.0 -375 10.141178281792502
750.0 -375 10.133573264911908
775.0 -375 10.126521947470215
800.0 -375 10.11998523704183
825.0 -375 10.113916883485325
850.0 -375 10.108275442505159
875.0 -375 10.103023719616122
900.0 -375 10.09812828453714
925.0 -375 10.093559046094308
950.0 -375 10.089288879427734
975.0000000000001 -375 10.08529329850323
1000.0 -375 10.081550168028256

25.0 -400 16.710962851245263
50.0 -400 13.215777499270247
75.0 -400 11.960139924497142
100.0 -400 11.415009682785145
125.0 -400 11.126552628222537
150.0 -400 10.949355620730758
175.0 -400 10.827620415778325
200.0 -400 10.736689273134395
225.0 -400 10.664468815011045
250.0 -400 10.60454066095606
275.0 -400 10.553273435585808
300.0 -400 10.508492575044873
325.0 -400 10.468822459317398
350.0 -400 10.433343300994004
375.0 -400 10.401404958246404
400.0 -400 10.372522797532996
425.0 -400 10.346317999432278
450.0 -400 10.322482569813943
475.0 -400 10.300758350091645
500.0 -400 10.280924078108896
525.0 -400 10.262787137983192
550.0 -400 10.24617807639216
575.0 -400 10.230946776870034
600.0 -400 10.21695964896488
625.0 -400 10.204097457346181
650.0 -400 10.192253570658849
675.0 -400 10.18133249967821
700.0 -400 10.171248646224202
725.0 -400 10.161910371013652
750.0 -400 10.15329325183284
775.0 -400 10.145290803206754
800.0 -400 10.137862155203928
825.0 -400 10.130957166810148
850.0 -400 10.1245306720829
875.0 -400 10.118541948475396
900.0 -400 10.112954243479942
925.0 -400 10.107734353312756
950.0 -400 10.102852248117314
975.0000000000001 -400 10.098280738491901
1000.0 -400 10.09399517894686

25.0 -425 15.327382264576686
50.0 -425 12.704643806379654
75.0 -425 11.761472823777012
100.0 -425 11.344802622472892
125.0 -425 11.117511315920456
150.0 -425 10.972203441220666
175.0 -425 10.867825675942248
200.0 -425 10.78632186078671
225.0 -425 10.718904497131215
250.0 -425 10.660962397879832
275.0 -425 10.60992188585147
300.0 -425 10.564260428823124
325.0 -425 10.52301992578295
350.0 -425 10.485555028059352
375.0 -425 10.451398911377032
400.0 -425 10.42019028738732
425.0 -425 10.391633242888343
450.0 -425 10.365474957890116
475.0 -425 10.341493223784353
500.0 -425 10.319489326941067
525.0 -425 10.299283848091433
550.0 -425 10.280714027023977
575.0 -425 10.263631955371254
600.0 -425 10.247903202256
625.0 -425 10.233405667238726
650.0 -425 10.22002855810114
675.0 -425 10.207671446080235
700.0 -425 10.196243379159405
725.0 -425 10.185644864776163
750.0 -425 10.17585299859657
775.0 -425 10.166748909070563
800.0 -425 10.158288904258141
825.0 -425 10.150417935483691
850.0 -425 10.14308620811211
875.0 -425 10.136248660636715
900.0 -425 10.12986449190195
925.0 -425 10.123896733539182
950.0 -425 10.11831186441835
975.0000000000001 -425 10.113079463693934
1000.0 -425 10.108171899171573

25.0 -450 14.157488893579057
50.0 -450 12.299914932317098
75.0 -450 11.623473169832328
100.0 -450 11.314766297099148
125.0 -450 11.137955854121001
150.0 -450 11.01824294612075
175.0 -450 10.927146585850252
200.0 -450 10.852226482450446
225.0 -450 10.787507601288526
250.0 -450 10.729919189472858
275.0 -450 10.677791836979125
300.0 -450 10.630162097501943
325.0 -450 10.586430466355624
350.0 -450 10.546187100923353
375.0 -450 10.50912175662197
400.0 -450 10.474977448388127
425.0 -450 10.443527141317304
450.0 -450 10.414562530589155
475.0 -450 10.387889031826713
500.0 -450 10.363323818770743
525.0 -450 10.340695229736852
550.0 -450 10.319842680552856
575.0 -450 10.300616666942117
600.0 -450 10.282878677576413
625.0 -450 10.266500961677682
650.0 -450 10.251366153885241
675.0 -450 10.237366783759681
700.0 -450 10.224404704144941
725.0 -450 10.212370894719854
750.0 -450 10.201242703287313
775.0 -450 10.190887441261147
800.0 -450 10.181257524401564
825.0 -450 10.172291994490589
850.0 -450 10.163935533964189
875.0 -450 10.15613794246086
900.0 -450 10.148853653233957
925.0 -450 10.142041289511798
950.0 -450 10.13566325969593
975.0000000000001 -450 10.129685389499391
1000.0 -450 10.124076588821834

25.0 -475 13.222514015299152
50.0 -475 12.004316803616852
75.0 -475 11.546516402851406
100.0 -475 11.324818139769668
125.0 -475 11.187700913092183
150.0 -475 11.087273837651319
175.0 -475 11.00539313582156
200.0 -475 10.934230720019961
225.0 -475 10.870124668403378
250.0 -475 10.811275771884599
275.0 -475 10.756764692340488
300.0 -475 10.706093901628483
325.0 -475 10.658963576941558
350.0 -475 10.615160557249629
375.0 -475 10.57450458872788
400.0 -475 10.536824108435475
425.0 -475 10.501947089821293
450.0 -475 10.469699232189496
475.0 -475 10.43990538414472
500.0 -475 10.412392065580397
525.0 -475 10.386990038932254
550.0 -475 10.363536470984982
575.0 -475 10.341876537173972
600.0 -475 10.321864474235529
625.0 -475 10.303364154672847
650.0 -475 10.286249278094704
675.0 -475 10.270403273247894
700.0 -475 10.255718993342173
725.0 -475 10.24207629539503
750.0 -475 10.229451395835678
775.0 -475 10.217696525591977
800.0 -475 10.206759109237257
825.0 -475 10.196571293925897
850.0 -475 10.187071359327375
875.0 -475 10.178203178699842
900.0 -475 10.169915713415664
925.0 -475 10.162162543646636
950.0 -475 10.154901436037719
975.0000000000001 -475 10.148093947729482
1000.0 -475 10.141705065443565

25.0 -500 12.53628384905408
50.0 -500 11.81955610183994
75.0 -500 11.530674147020738
100.0 -500 11.374741837819375
125.0 -500 11.26648612309151
150.0 -500 11.179046689322847
175.0 -500 11.102339862923117
200.0 -500 11.032134955518055
225.0 -500 10.966580544281335
250.0 -500 10.9048791351825
275.0 -500 10.846707092982872
300.0 -500 10.791939737269708
325.0 -500 10.740518207610968
350.0 -500 10.692387425471969
375.0 -500 10.647470765945485
400.0 -500 10.605663422819601
425.0 -500 10.566834706403712
450.0 -500 10.530833987747338
475.0 -500 10.497497515711393
500.0 -500 10.46665475421774
525.0 -500 10.438133677367208
550.0 -500 10.411764882445182
575.0 -500 10.387384590220435
600.0 -500 10.364836691195224
625.0 -500 10.34397402077035
650.0 -500 10.324659037939137
675.0 -500 10.306764059609439
700.0 -500 10.290171175821607
725.0 -500 10.274747614076533
750.0 -500 10.260466946444636
775.0 -500 10.247165244675342
800.0 -500 10.234783811926613
825.0 -500 10.2232469342819
850.0 -500 10.212485624769398
875.0 -500 10.202437056454281
900.0 -500 10.193044024317626
925.0 -500 10.184254440993
950.0 -500 10.176020868850525
975.0000000000001 -500 10.168300088895975
1000.0 -500 10.161052705980815

25.0 -525 12.106321422926829
50.0 -525 11.746336032946477
75.0 -525 11.575715641777657
100.0 -525 11.464188521307804
125.0 -525 11.373977141118752
150.0 -525 11.293263852733306
175.0 -525 11.217726604389712
200.0 -525 11.145712990649391
225.0 -525 11.076678886258698
250.0 -525 11.010558936240583
275.0 -525 10.94747125345776
300.0 -525 10.887571348852074
325.0 -525 10.830982984244557
350.0 -525 10.777770904929236
375.0 -525 10.72793605661024
400.0 -525 10.681421993714988
425.0 -525 10.638125929544215
450.0 -525 10.597910782978785
475.0 -525 10.560616352128697
500.0 -525 10.526068800396137
525.0 -525 10.494088237028263
550.0 -525 10.464494486156436
575.0 -525 10.437111279569468
600.0 -525 10.411769152737426
625.0 -525 10.388307316491414
650.0 -525 10.366574745814223
675.0 -525 10.346430687657628
700.0 -525 10.327744750434459
725.0 -525 10.310370121588036
750.0 -525 10.294276074888757
775.0 -525 10.27928164586857
800.0 -525 10.265320852007967
825.0 -525 10.252309172306598
850.0 -525 10.240169506779631
875.0 -525 10.228831569520631
900.0 -525 10.218231307525484
925.0 -525 10.20831035253389
950.0 -525 10.199015509718839
975.0000000000001 -525 10.190298284718166
1000.0 -525 10.18211444899376

25.0 -550 11.934696759150288
50.0 -550 11.784369487912736
75.0 -550 11.681109395362425
100.0 -550 11.59267812996771
125.0 -550 11.509766842261214
150.0 -550 11.429580457866795
175.0 -550 11.351259324072926
200.0 -550 11.274712724450273
225.0 -550 11.200202716469441
250.0 -550 11.12812794926473
275.0 -550 11.058895328058671
300.0 -550 10.992848626678814
325.0 -550 10.930236450195654
350.0 -550 10.871205562309017
375.0 -550 10.815808798995869
400.0 -550 10.764020000458762
425.0 -550 10.71575112463853
450.0 -550 10.670868751424262
475.0 -550 10.629208581221652
500.0 -550 10.590587407657917
525.0 -550 10.55481254889224
550.0 -550 10.521688980796448
575.0 -550 10.491024521603
600.0 -550 10.462633436466136
625.0 -550 10.436338803832635
650.0 -550 10.411973939020541
675.0 -550 10.389383118564265
700.0 -550 10.36842179986211
725.0 -550 10.348927824117851
750.0 -550 10.33086436068095
775.0 -550 10.314032749937486
800.0 -550 10.298358522820866
825.0 -550 10.283747427383389
850.0 -550 10.270113423279016
875.0 -550 10.2573780231553
900.0 -550 10.245469658460209
925.0 -550 10.234323078757038
950.0 -550 10.22387878954092
975.0000000000001 -550 10.21408253084353
1000.0 -550 10.204884797034104

25.0 -575 12.018576859458838
50.0 -575 11.932389182794605
75.0 -575 11.846025119258043
100.0 -575 11.759600980145692
125.0 -575 11.673376642602202
150.0 -575 11.587605508683026
175.0 -575 11.502611011834423
200.0 -575 11.418856888379272
225.0 -575 11.336915020966828
250.0 -575 11.257382553175399
275.0 -575 11.180803806868878
300.0 -575 11.107619928574213
325.0 -575 11.03814732755296
350.0 -575 10.972577543988157
375.0 -575 10.910990074143594
400.0 -575 10.853371340471785
425.0 -575 10.799635199128051
450.0 -575 10.749642268751897
475.0 -575 10.70321673047334
500.0 -575 10.660160131159737
525.0 -575 10.62026223564919
550.0 -575 10.58330923621985
575.0 -575 10.549089731958029
600.0 -575 10.517398903659773
625.0 -575 10.488041275651858
650.0 -575 10.460832401105067
675.0 -575 10.435599747874898
700.0 -575 10.412183005861543
725.0 -575 10.390403476050633
750.0 -575 10.370216254061026
775.0 -575 10.351404560495352
800.0 -575 10.333884199570187
825.0 -575 10.317550288471228
850.0 -575 10.302307039601862
875.0 -575 10.28806703925224
900.0 -575 10.274750550874376
925.0 -575 10.262284853577235
950.0 -575 10.250603621928551
975.0000000000001 -575 10.239646349818932
1000.0 -575 10.229357819255135

25.0 -600 12.350484264574469
50.0 -600 12.188155046282997
75.0 -600 12.069336043963723
100.0 -600 11.964219559540162
125.0 -600 11.86425796180391
150.0 -600 11.76690307609457
175.0 -600 11.67142265595719
200.0 -600 11.577843838169942
225.0 -600 11.486559393869172
250.0 -600 11.398103255074053
275.0 -600 11.313007940859235
300.0 -600 11.231722425060097
325.0 -600 11.154574797502098
350.0 -600 11.081764803969838
375.0 -600 11.013373891393618
400.0 -600 10.949383780551429
425.0 -600 10.889697726143043
450.0 -600 10.834161054048424
475.0 -600 10.78257925024151
500.0 -600 10.734732946250437
525.0 -600 10.69038976838855
550.0 -600 10.649313340447893
575.0 -600 10.611269864623324
600.0 -600 10.57603273191665
625.0 -600 10.543385583025525
650.0 -600 10.513124184846921
675.0 -600 10.485057424883113
700.0 -600 10.459007665658893
725.0 -600 10.434778593766735
750.0 -600 10.412315087885455
775.0 -600 10.391382074103454
800.0 -600 10.371884348021757
825.0 -600 10.353705521569886
850.0 -600 10.336739274917345
875.0 -600 10.320888561892106
900.0 -600 10.306064841653527
925.0 -600 10.292187348514767
950.0 -600 10.279182406858798
975.0000000000001 -600 10.266982794309259
1000.0 -600 10.25552715421638

25.0 -625 12.918305612722763
50.0 -625 12.54845978426478
75.0 -625 12.349621756675493
100.0 -625 12.205670583525247
125.0 -625 12.081793835044458
150.0 -625 11.966993590748869
175.0 -625 11.857304288502359
200.0 -625 11.751348401654896
225.0 -625 11.64886072551566
250.0 -625 11.550055248857003
275.0 -625 11.455306195343244
300.0 -625 11.364982467467973
325.0 -625 11.27936879933882
350.0 -625 11.19863734696532
375.0 -625 11.122847386311108
400.0 -625 11.051959118309668
425.0 -625 10.98585307647669
450.0 -625 10.9243502779803
475.0 -625 10.867230602652004
500.0 -625 10.814248321724882
525.0 -625 10.765144527150436
550.0 -625 10.719656649907417
575.0 -625 10.677525453761488
600.0 -625 10.638499950063155
625.0 -625 10.602340664491022
650.0 -625 10.568821636854684
675.0 -625 10.53773147338747
700.0 -625 10.508873709496495
725.0 -625 10.48203347041075
750.0 -625 10.45714309030169
775.0 -625 10.433949291139328
800.0 -625 10.412344533789444
825.0 -625 10.392200077713701
850.0 -625 10.373398309148838
875.0 -625 10.35583186333533
900.0 -625 10.339402776025308
925.0 -625 10.32402167720124
950.0 -625 10.30960703460034
975.0000000000001 -625 10.296084450499773
1000.0 -625 10.283386012892453

25.0 -650 13.70511771686321
50.0 -650 13.009134202651698
75.0 -650 12.68517173972134
100.0 -650 12.482967351938088
125.0 -650 12.325300684673602
150.0 -650 12.187355238008458
175.0 -650 12.059836103556526
200.0 -650 11.939022781640151
225.0 -650 11.823525933640674
250.0 -650 11.712989008018273
275.0 -650 11.607484730837003
300.0 -650 11.50721597824724
325.0 -650 11.412370347486931
350.0 -650 11.323057486227707
375.0 -650 11.23929103065512
400.0 -650 11.160993353495261
425.0 -650 11.088010558665296
450.0 -650 11.02013067762491
475.0 -650 10.957101355978073
500.0 -650 10.898645297646125
525.0 -650 10.844472865305251
550.0 -650 10.794291842836508
575.0 -650 10.747814658148542
600.0 -650 10.704763475282993
625.0 -650 10.66487357717489
650.0 -650 10.627895423728239
675.0 -650 10.593595713746664
700.0 -650 10.56175771935285
725.0 -650 10.532147191641966
750.0 -650 10.504681398284694
775.0 -650 10.479089227355953
800.0 -650 10.4552494322573
825.0 -650 10.433020101500604
850.0 -650 10.412271590305812
875.0 -650 10.392885550347753
900.0 -650 10.374753993043885
925.0 -650 10.35777840017579
950.0 -650 10.341868889901612
975.0000000000001 -650 10.32694344177627
1000.0 -650 10.312927181876098

25.0 -675 14.688930611545642
50.0 -675 13.565054512664695
75.0 -675 13.073989824296467
100.0 -675 12.795002449628115
125.0 -675 12.594030262789667
150.0 -675 12.427425457654175
175.0 -675 12.278569648021993
200.0 -675 12.140497512774182
225.0 -675 12.010244736258093
250.0 -675 11.88664091145967
275.0 -675 11.769317910462158
300.0 -675 11.65822886271819
325.0 -675 11.553411866000204
350.0 -675 11.45488011558925
375.0 -675 11.362578853997805
400.0 -675 11.276376868886713
425.0 -675 11.196074566979888
450.0 -675 11.121418677833697
475.0 -675 11.052118284457185
500.0 -675 10.98785956767444
525.0 -675 10.928318177650683
550.0 -675 10.8731689758141
575.0 -675 10.822093308254656
600.0 -675 10.774784152442281
625.0 -675 10.730949529750822
650.0 -675 10.690314559786444
675.0 -675 10.652622486299157
700.0 -675 10.61763494871078
725.0 -675 10.585097652304757
750.0 -675 10.554910071978487
775.0 -675 10.526783926135254
800.0 -675 10.500582839081524
825.0 -675 10.476150940126812
850.0 -675 10.453345842296345
875.0 -675 10.432037570975515
900.0 -675 10.412107531465544
925.0 -675 10.393447529982321
950.0 -675 10.375958856426047
975.0000000000001 -675 10.359551432594582
1000.0 -675 10.34414302677674

25.0 -700 15.84249074183856
50.0 -700 14.210154467848543
75.0 -700 13.513799806319323
100.0 -700 13.140550837549123
125.0 -700 12.88717177610569
150.0 -700 12.686602550432704
175.0 -700 12.51302908449734
200.0 -700 12.355382471056144
225.0 -700 12.20869046493606
250.0 -700 12.070733901105566
275.0 -700 11.940568832786383
300.0 -700 11.817817441431599
325.0 -700 11.702317539820227
350.0 -700 11.593952995241427
375.0 -700 11.49257867662811
400.0 -700 11.397994620454321
425.0 -700 11.309944737049719
450.0 -700 11.228126518916302
475.0 -700 11.152204473336157
500.0 -700 11.081823565719336
525.0 -700 11.016620972141675
550.0 -700 10.95623554330683
575.0 -700 10.900314955858505
600.0 -700 10.848520795564578
625.0 -700 10.800531917208406
650.0 -700 10.756046436324564
675.0 -700 10.714782676048044
700.0 -700 10.676479343510927
725.0 -700 10.640861574060711
750.0 -700 10.607808109828628
775.0 -700 10.577014471447763
800.0 -700 10.548327681316016
825.0 -700 10.521577152947048
850.0 -700 10.496607073166533
875.0 -700 10.473275221664835
900.0 -700 10.451451835923526
925.0 -700 10.431018536544327
950.0 -700 10.411867321461424
975.0000000000001 -700 10.393899632599531
1000.0 -700 10.37702549583564

25.0 -725 17.133339643117562
50.0 -725 14.937445762545076
75.0 -725 14.002052498903405
100.0 -725 13.5182733835776
125.0 -725 13.20385420453981
150.0 -725 12.964247393522434
175.0 -725 12.762712525377534
200.0 -725 12.583267934522416
225.0 -725 12.41852091682799
250.0 -725 12.26497816993252
275.0 -725 12.120989888976455
300.0 -725 11.985768902185908
325.0 -725 11.85890368206698
350.0 -725 11.74011705067936
375.0 -725 11.62915235325102
400.0 -725 11.525726336451527
425.0 -725 11.429516108868278
450.0 -725 11.34016239043666
475.0 -725 11.25727942898767
500.0 -725 11.180466556878743
525.0 -725 11.109318945169901
550.0 -725 11.043436540204075
575.0 -725 10.982430926133759
600.0 -725 10.925930231379908
625.0 -725 10.873582357402661
650.0 -725 10.825056852362971
675.0 -725 10.780045738632943
700.0 -725 10.738263564122986
725.0 -725 10.69941452390905
750.0 -725 10.66335346454503
775.0 -725 10.62976100147356
800.0 -725 10.598466029090737
825.0 -725 10.569282521544574
850.0 -725 10.542040583789268
875.0 -725 10.51658515477755
900.0 -725 10.49277476345686
925.0 -725 10.470480352860355
950.0 -725 10.449584180849303
975.0000000000001 -725 10.429978800947326
1000.0 -725 10.411566123714426

25.0 -750 18.524366210434597
50.0 -750 15.73905061347523
75.0 -750 14.535934517375564
100.0 -750 13.926720883585542
125.0 -750 13.543148824498038
150.0 -750 13.259685266187507
175.0 -750 13.02709343700054
200.0 -750 12.823725693205953
225.0 -750 12.63937924373987
250.0 -750 12.469071878847517
275.0 -750 12.310323342999173
300.0 -750 12.161861770709946
325.0 -750 12.022979116595064
350.0 -750 11.893206684137342
375.0 -750 11.772156027047645
400.0 -750 11.659446725075263
425.0 -750 11.554679296909391
450.0 -750 11.457430570941703
475.0 -750 11.367259193978152
500.0 -750 11.283714732429251
525.0 -750 11.206347060280084
550.0 -750 11.134714527228368
575.0 -750 11.068390372206405
600.0 -750 11.006967344938818
625.0 -750 10.95006072931823
650.0 -750 10.897310046872091
675.0 -750 10.848379727541158
700.0 -750 10.802959008426493
725.0 -750 10.760730933644453
750.0 -750 10.72152305980886
775.0 -750 10.685002722922688
800.0 -750 10.65097910789144
825.0 -750 10.61925006028282
850.0 -750 10.5896309769731
875.0 -750 10.56195338649504
900.0 -750 10.536063590367853
925.0 -750 10.511821380935736
950.0 -750 10.48909884421401
975.0000000000001 -750 10.467779250861218
1000.0 -750 10.44775603548957

25.0 -775 19.975087453504074
50.0 -775 16.60625078193909
75.0 -775 15.112379106278537
100.0 -775 14.364338623120515
125.0 -775 13.904071947041066
150.0 -775 13.572207786597343
175.0 -775 13.305622112188608
200.0 -775 13.076310206324552
225.0 -775 12.870894876180419
250.0 -775 12.682701900727888
275.0 -775 12.508301933485097
300.0 -775 12.345866398944834
325.0 -775 12.19434557495185
350.0 -775 12.05305009794381
375.0 -775 11.92144039355632
400.0 -775 11.799025690268149
425.0 -775 11.68532066703358
450.0 -775 11.579831573321046
475.0 -775 11.482056466858685
500.0 -775 11.391491308843559
525.0 -775 11.307637630220052
550.0 -775 11.230009699158513
575.0 -775 11.158140332037048
600.0 -775 11.09158512722789
625.0 -775 11.029925213050438
650.0 -775 10.972768732430437
675.0 -775 10.91975132255315
700.0 -775 10.870535835913563
725.0 -775 10.824784120176803
750.0 -775 10.78229280776183
775.0 -775 10.74271792598621
800.0 -775 10.705847311411196
825.0 -775 10.671462027363635
850.0 -775 10.639362167011502
875.0 -775 10.60936530506157
900.0 -775 10.581305019372879
925.0 -775 10.55502949805166
950.0 -775 10.530400240384772
975.0000000000001 -775 10.507290854396869
1000.0 -775 10.48558595082355

25.0 -800 21.44379444066004
50.0 -800 17.529557386714725
75.0 -800 15.728079320683555
100.0 -800 14.829471528431814
125.0 -800 14.28558787986994
150.0 -800 13.901074959725786
175.0 -800 13.597727209043258
200.0 -800 13.340559804190107
225.0 -800 13.112684480218979
250.0 -800 12.90554458977777
275.0 -800 12.714649495780188
300.0 -800 12.537545469695491
325.0 -800 12.37279810682298
350.0 -800 12.219469629039262
375.0 -800 12.07685097385648
400.0 -800 11.944328555301277
425.0 -800 11.821322519885898
450.0 -800 11.707262295621266
475.0 -800 11.60158072649259
500.0 -800 11.503716630580008
525.0 -800 11.413120402190039
550.0 -800 11.32925995573562
575.0 -800 11.251625787596787
600.0 -800 11.179734724703867
625.0 -800 11.113132331387108
650.0 -800 11.051394130289932
675.0 -800 10.994125859384575
700.0 -800 10.940962992817738
725.0 -800 10.891546306721317
750.0 -800 10.845637627252389
775.0 -800 10.80288399995764
800.0 -800 10.76305021493993
825.0 -800 10.725899936374677
850.0 -800 10.691217389653476
875.0 -800 10.658805679430817
900.0 -800 10.62848518711293
925.0 -800 10.600092063271443
950.0 -800 10.573476823107077
975.0000000000001 -800 10.548503047421693
1000.0 -800 10.525046188350418

25.0 -825 22.890473193786505
50.0 -825 18.498805603236264
75.0 -825 16.37950386484921
100.0 -825 15.320369952272511
125.0 -825 14.686612120452274
150.0 -825 14.245517335546563
175.0 -825 13.902817353325839
200.0 -825 13.615997932049495
225.0 -825 13.364352944616206
250.0 -825 13.137266574156692
275.0 -825 12.929081602539462
300.0 -825 12.736654516438959
325.0 -825 12.558125502973144
350.0 -825 12.392282093878167
375.0 -825 12.23822839644903
400.0 -825 12.095216293623016
425.0 -825 11.962563280394015
450.0 -825 11.83961617699168
475.0 -825 11.725738360745847
500.0 -825 11.620308276569345
525.0 -825 11.522722646210648
550.0 -825 11.43240097522032
575.0 -825 11.34878972628951
600.0 -825 11.271365490731416
625.0 -825 11.19963699305575
650.0 -825 11.133146006790598
675.0 -825 11.071467360468427
700.0 -825 11.014208238236424
725.0 -825 10.960988644865491
750.0 -825 10.911531462805256
775.0 -825 10.86547744947334
800.0 -825 10.822566589331181
825.0 -825 10.782544568297865
850.0 -825 10.745179212469385
875.0 -825 10.710258668245503
900.0 -825 10.677589671965615
925.0 -825 10.64699592424971
950.0 -825 10.618316576973374
975.0000000000001 -825 10.591404834814755
1000.0 -825 10.566126670226618

25.0 -850 24.280084665930968
50.0 -850 19.503277635056097
75.0 -850 17.062915866223207
100.0 -850 15.835196134658974
125.0 -850 15.10601478554934
150.0 -850 14.604738275526083
175.0 -850 14.220282801095331
200.0 -850 13.902134432626198
225.0 -850 13.625494395586275
250.0 -850 13.377525569680353
275.0 -850 13.151306221142653
300.0 -850 12.942942456888238
325.0 -850 12.750110729665549
350.0 -850 12.571299142972416
375.0 -850 12.405408687229809
400.0 -850 12.251545766573344
425.0 -850 12.10891769307224
450.0 -850 11.976783358545715
475.0 -850 11.854432799297266
500.0 -850 11.74118117017473
525.0 -850 11.636369246429204
550.0 -850 11.539366290440109
575.0 -850 11.449573204468011
600.0 -850 11.366425038823383
625.0 -850 11.289392537462911
650.0 -850 11.217982711125002
675.0 -850 11.151738566905571
700.0 -850 11.090238171249299
725.0 -850 11.033081237426364
750.0 -850 10.97994730433664
775.0 -850 10.930473911394738
800.0 -850 10.884374415475916
825.0 -850 10.84137598400465
850.0 -850 10.801229545649406
875.0 -850 10.763707829185611
900.0 -850 10.728603502134595
925.0 -850 10.695727424297356
950.0 -850 10.664907023592512
975.0000000000001 -850 10.635984795861148
1000.0 -850 10.608816926865796

25.0 -875 25.585492870599268
50.0 -875 20.531856086532418
75.0 -875 17.77439482066597
100.0 -875 16.372031371632303
125.0 -875 15.542624279879918
150.0 -875 14.977916324443365
175.0 -875 14.54949715772507
200.0 -875 14.198466863846553
225.0 -875 13.895693236149349
250.0 -875 13.625971212212848
275.0 -875 13.381024386072534
300.0 -875 13.156152138928245
325.0 -875 12.948531373398806
350.0 -875 12.756327624178464
375.0 -875 12.57822356692094
400.0 -875 12.413169967393737
425.0 -875 12.260257022683698
450.0 -875 12.118650848751953
475.0 -875 11.98756465033631
500.0 -875 11.866247692471768
525.0 -875 11.75398279526222
550.0 -875 11.650087367250315
575.0 -875 11.553915413046916
600.0 -875 11.464859297638577
625.0 -875 11.382350780955534
650.0 -875 11.305861214343468
675.0 -875 11.23490097149744
700.0 -875 11.169018258949878
725.0 -875 11.107793162159544
750.0 -875 11.050857207540481
775.0 -875 10.997848172276859
800.0 -875 10.948450899347353
825.0 -875 10.90237353718545
850.0 -875 10.8593496531875
875.0 -875 10.819136128652303
900.0 -875 10.781511164107226
925.0 -875 10.746272409718026
950.0 -875 10.713235228003187
975.0000000000001 -875 10.682231089881611
1000.0 -875 10.653106101872671

25.0 -900 26.78925628871662
50.0 -900 21.573208011212195
75.0 -900 18.5098618828755
100.0 -900 16.928883915720313
125.0 -900 15.995231203802515
150.0 -900 15.364207683049374
175.0 -900 14.8898191486242
200.0 -900 14.504481847716487
225.0 -900 14.174525206878124
250.0 -900 13.882245906210914
275.0 -900 13.617930884256095
300.0 -900 13.376020897306157
325.0 -900 13.153160094864644
350.0 -900 12.947169953829437
375.0 -900 12.756500755204149
400.0 -900 12.579938271055921
425.0 -900 12.416449259906214
450.0 -900 12.265102693145947
475.0 -900 12.125031840952703
500.0 -900 11.995417798690285
525.0 -900 11.875483690221522
550.0 -900 11.764493685301307
575.0 -900 11.661753745033153
600.0 -900 11.566612567673918
625.0 -900 11.47846206454145
650.0 -900 11.396737149660241
675.0 -900 11.3209148528511
700.0 -900 11.250512865418562
725.0 -900 11.18509249621879
750.0 -900 11.124232314989582
775.0 -900 11.067574186461263
800.0 -900 11.014772487525493
825.0 -900 10.965515887759794
850.0 -900 10.91952016444822
875.0 -900 10.876525951825256
900.0 -900 10.836296611344963
925.0 -900 10.798616237400283
950.0 -900 10.763287805304069
975.0000000000001 -900 10.730131462022726
1000.0 -900 10.698982957145917

25.0 -925 27.883765681402373
50.0 -925 22.615997483129114
75.0 -925 19.2651085934329
100.0 -925 17.50369762046959
125.0 -925 16.462592496533627
150.0 -925 15.762748775996931
175.0 -925 15.240594436491689
200.0 -925 14.819656446025329
225.0 -925 14.461558464600053
250.0 -925 14.145985686729356
275.0 -925 13.86171495130078
300.0 -925 13.602281119575204
325.0 -925 13.363765090790347
350.0 -925 13.143624494791792
375.0 -925 12.940064280932619
400.0 -925 12.751696689327435
425.0 -925 12.577359331516883
450.0 -925 12.416020147962014
475.0 -925 12.266729760889074
500.0 -925 12.128599137546031
525.0 -925 12.000790233279632
550.0 -925 11.88251282096727
575.0 -925 11.773023864992126
600.0 -925 11.67162757956143
625.0 -925 11.577675302975505
650.0 -925 11.490564853907443
675.0 -925 11.40973931051357
700.0 -925 11.334685281588303
725.0 -925 11.26494634141233
750.0 -925 11.200042877888334
775.0 -925 11.139625094705897
800.0 -925 11.083314883233179
825.0 -925 11.03078101569647
850.0 -925 10.981721086143663
875.0 -925 10.935859113006774
900.0 -925 10.892943273319812
925.0 -925 10.852743782708549
950.0 -925 10.81505092753321
975.0000000000001 -925 10.7796732492876
1000.0 -925 10.746435878154756

25.0 -950 28.8697408516398
50.0 -950 23.64912166774456
75.0 -950 20.035829030336345
100.0 -950 18.094361327864203
125.0 -950 16.943435807898275
150.0 -950 16.17265890780836
175.0 -950 15.601157479058003
200.0 -950 15.143459558146715
225.0 -950 14.756354675304358
250.0 -950 14.416821092003042
275.0 -950 14.112060976410902
300.0 -950 13.83466081951206
325.0 -950 13.580110562473022
350.0 -950 13.345485940445387
375.0 -950 13.128734797578698
400.0 -950 12.928288130507978
425.0 -950 12.74284931473878
450.0 -950 12.571281857371272
475.0 -950 12.412551409490215
500.0 -950 12.265697173362181
525.0 -950 12.129818732581022
550.0 -950 12.004070532339552
575.0 -950 11.887659780221593
600.0 -950 11.779845553890235
625.0 -950 11.679938035182012
650.0 -950 11.587297410165684
675.0 -950 11.50133230110496
700.0 -950 11.421497755964786
725.0 -950 11.347320850192403
750.0 -950 11.278258278484444
775.0 -950 11.2139732434412
800.0 -950 11.154053062880429
825.0 -950 11.09814623527813
850.0 -950 11.045931814656585
875.0 -950 10.997116866338414
900.0 -950 10.951434064812661
925.0 -950 10.908639447539912
950.0 -950 10.868510330740115
975.0000000000001 -950 10.83084338673735
1000.0 -950 10.795452879393427

25.0 -975 29.7536240525463
50.0 -975 24.6619623066216
75.0 -975 20.81765524950746
100.0 -975 18.69871898204083
125.0 -975 17.43646408761558
150.0 -975 16.59304299839144
175.0 -975 15.970833420727637
200.0 -975 15.475353335804462
225.0 -975 15.058470117394911
250.0 -975 14.6943780436098
275.0 -975 14.368649213672862
300.0 -975 14.072884216305972
325.0 -975 13.801957189593878
350.0 -975 13.552545703558991
375.0 -975 13.322329903184198
400.0 -975 13.109552663236615
425.0 -975 12.912778655202422
450.0 -975 12.730764033982195
475.0 -975 12.562387545485361
500.0 -975 12.406615310683716
525.0 -975 12.2624836064059
550.0 -975 12.129090846151918
575.0 -975 12.00559391367137
600.0 -975 11.891206262523173
625.0 -975 11.785196475962444
650.0 -975 11.686886691464109
675.0 -975 11.59565067540764
700.0 -975 11.510911526169238
725.0 -975 11.432181252352716
750.0 -975 11.358847053107189
775.0 -975 11.290590204497011
800.0 -975 11.226961293070078
825.0 -975 11.167588209785123
850.0 -975 11.112131148751399
875.0 -975 11.06027991681463
900.0 -975 11.011751395485739
925.0 -975 10.966287168727202
950.0 -975 10.923651322308455
975.0000000000001 -975 10.883628413906465
1000.0 -975 10.846021610005195

