R1rho 201.118 I41CD1-HD1 -0.94726578 0.00210039907582 0.00650618087183 2.10128178189 2.28414801279 2.54971953085 3.01204819277 6.0490052433e-05 8.72162693872e-05 0.0920157858389 0.0904010068477 0.0859114357233 0.0498212877286
R2rho 201.118 I41CD1-HD1 -0.94726578 0.00210039907582 0.00650618087183 6.49772579597 5.27704485488 4.58295142071 4.76417341591 6.0490052433e-05 8.72162693872e-05 0.067982349198 0.0835625500505 0.16129571188 0.121509753003
R1rho 201.118 124VALCG2-HG21 1.128674216 0.0046403712297 0.0128155837498 5.18941359626 6.00600600601 6.99300699301 7.71604938272 5.06086742945e-05 6.75041785937e-05 0.160116420703 0.118362448595 0.126208621207 0.160224682417
R2rho 201.118 124VALCG2-HG21 1.128674216 0.0046403712297 0.0128155837498 12.3092072871 10.3928497194 9.65250965251 10.3177878663 5.06086742945e-05 6.75041785937e-05 0.117132924154 0.18583886258 0.218131289009 0.336761307677
R1rho 201.118 9LEUCD1-HD11 1.134707756 0.00529100529101 0.0192196809533 6.75675675676 7.80031201248 9.27643784787 10.1781170483 8.84881052273e-05 0.000406517450371 0.0844726583123 0.0451484041052 0.229038570819 0.0548028499851
R2rho 201.118 9LEUCD1-HD11 1.134707756 0.00529100529101 0.0192196809533 19.3948797517 16.4365548981 15.223017202 16.5261940175 8.84881052273e-05 0.000406517450371 0.168533013294 0.140223419011 0.181710241047 0.181643472582
R1rho 201.118 127LEUCD2-HD21 0.627890396 0.00398247710076 0.0104144969798 4.5871559633 5.57103064067 6.39386189258 6.91562932227 5.52038341614e-05 0.000219189735844 0.069875645933 0.0630119153576 0.0482428806305 0.0569167101765
R2rho 201.118 127LEUCD2-HD21 0.627890396 0.00398247710076 0.0104144969798 10.4646295521 9.2936802974 8.71839581517 9.04159132007 5.52038341614e-05 0.000219189735844 0.540213682181 0.236814194304 0.277719285531 0.273295486327
R1rho 201.118 66LEUCD1-HD11 1.419490844 0.00339097999322 0.00700770847933 3.64830353885 4.00641025641 5.3050397878 5.5617352614 1.83985340968e-05 0.000182313829729 0.0456608573157 0.137722198355 0.028144239226 0.00748577514742
R2rho 201.118 66LEUCD1-HD11 1.419490844 0.00339097999322 0.00700770847933 6.64893617021 5.83771161705 5.73394495413 6.34920634921 1.83985340968e-05 0.000182313829729 0.319476418118 0.400591643042 0.265234007645 0.556490712698
R1rho 201.118 I92CD1-HD1 -0.84771237 0.0030039050766 0.0105853710173 3.861003861 4.96770988574 5.93471810089 6.51465798046 3.75433967824e-05 0.000227566739832 0.0879990346953 0.0863996145096 0.0247254861738 0.0874437320808
R2rho 201.118 I92CD1-HD1 -0.84771237 0.0030039050766 0.0105853710173 10.3562551781 9.10746812386 9.01713255185 9.11577028259 3.75433967824e-05 0.000227566739832 0.0563089757588 0.0693468557039 0.281602141036 0.290303290328
R1rho 201.118 53VALCG1-HG11 0.703309646 0.00302938503484 0.010774701002 4.00320256205 4.81231953802 5.54016620499 6.20732464308 3.43270360441e-05 9.40434503961e-05 0.0835298718269 0.0356659246394 0.0702992965536 0.085940327715
R2rho 201.118 53VALCG1-HG11 0.703309646 0.00302938503484 0.010774701002 10.7043459645 9.13242009132 8.65051903114 8.68055555556 3.43270360441e-05 9.40434503961e-05 0.0203958520559 0.285510263944 0.0691487049294 0.101739232174
R1rho 201.118 138VALCG1-HG11 0.593096982 0.00427167876976 0.00716845878136 4.40722785368 4.51467268623 4.93339911199 5.50660792952 5.00042864988e-05 0.000166583097479 0.069748390298 0.191119320603 0.118352790987 0.0104310568554
R2rho 201.118 138VALCG1-HG11 0.593096982 0.00427167876976 0.00716845878136 5.99520383693 5.69151963574 5.38502961766 6.01684717208 5.00042864988e-05 0.000166583097479 0.17699093651 0.370845915799 0.428966628147 0.418331048276
R1rho 201.118 18LEUCD2-HD21 1.056271736 0.00309119010819 0.00691562932227 3.72162262747 3.99042298484 4.18585182085 4.19111483655 6.19442110628e-05 0.000394886586245 0.0860574155759 0.101338576799 0.117309860999 0.113203925918
R2rho 201.118 18LEUCD2-HD21 1.056271736 0.00309119010819 0.00691562932227 7.53012048193 5.79710144928 5.47645125958 6.25390869293 6.19442110628e-05 0.000394886586245 0.587572555228 0.62547399201 0.898734753827 0.76192381
R1rho 201.118 116VALCG2-HG21 0.734684054 0.00564015792442 0.0154464009886 6.35727908455 7.78816199377 8.58369098712 9.49667616334 8.62289889585e-05 0.000145553617359 0.0828648186802 0.36106620882 0.0251986919884 0.292482326755
R2rho 201.118 116VALCG2-HG21 0.734684054 0.00564015792442 0.0154464009886 15.3092467851 13.0684788291 13.0072840791 12.6806999746 8.62289889585e-05 0.000145553617359 0.250846460281 0.376038138745 0.0714000945861 0.0681812353667
R1rho 201.118 16LEUCD2-HD21 1.300428988 0.00356252226576 0.0188536953243 4.08329930584 4.62962962963 5.23834468308 5.69476082005 3.80790442261e-05 0.000152858632391 0.125669005753 0.0900546245623 0.0941504694852 0.118421762351
R2rho 201.118 16LEUCD2-HD21 1.300428988 0.00356252226576 0.0188536953243 19.786307875 14.905351021 13.2731616671 13.9586823004 3.80790442261e-05 0.000152858632391 0.493594243594 0.195987362038 0.347305798189 0.282640763726
R1rho 201.118 124VALCG1-HG11 0.745946662 0.00417710944027 0.00928505106778 4.86144871172 5.37345513165 6.17665225448 6.72494956288 5.13055729139e-05 0.000101742577896 0.0990662382853 0.0121560246522 0.1664592264 0.0859414295588
R2rho 201.118 124VALCG1-HG11 0.745946662 0.00417710944027 0.00928505106778 8.30564784053 7.49625187406 7.63358778626 8.0 5.13055729139e-05 0.000101742577896 0.264475527662 0.197939966787 0.314031201253 0.228666517241
R1rho 201.118 I57CD1-HD1 -1.066126518 0.00158177791838 0.00438020148927 1.68976005407 1.84501845018 2.45158126992 2.61506276151 3.85540064522e-05 0.000119042018953 0.0677790534412 0.125160537197 0.0470174415035 0.0245525701196
R2rho 201.118 I57CD1-HD1 -1.066126518 0.00158177791838 0.00438020148927 4.60405156538 3.861003861 3.56506238859 3.98883127244 3.85540064522e-05 0.000119042018953 0.203465870775 0.271147278063 0.169419500006 0.191367751568
R1rho 201.118 120LEUCD2-HD21 1.78894461 0.00683994528044 0.0168236877524 8.10372771475 9.60614793468 10.6484932382 11.8455342336 0.000116528081473 0.000182013749403 0.0382866994599 0.246544655872 0.0240388890552 0.130229616976
R2rho 201.118 120LEUCD2-HD21 1.78894461 0.00683994528044 0.0168236877524 15.2415790276 13.8370001384 13.4192163178 13.9431121026 0.000116528081473 0.000182013749403 0.325376173786 0.189583522917 0.0817572509647 0.153991795865
R1rho 201.118 88VALCG2-HG21 1.06391422 0.00505305709955 0.0123808344682 5.97014925373 7.16332378223 8.27814569536 9.0991810737 7.45737225555e-05 0.000259165216875 0.118737060847 0.212623679445 0.102121803911 0.133328719
R2rho 201.118 88VALCG2-HG21 1.06391422 0.00505305709955 0.0123808344682 11.5061557933 10.8377587515 10.2354145343 10.4471374843 7.45737225555e-05 0.000259165216875 0.288795437806 0.272672658061 0.123639214235 0.13535964096
R1rho 201.118 93LEUCD1-HD11 1.56670922 0.00598444045482 0.0156103652825 6.99790062981 8.06451612903 9.19117647059 10.6349037541 6.94876095426e-05 0.000119655630054 0.0455445993261 0.0663416377367 0.0118269010704 0.0960307287582
R2rho 201.118 93LEUCD1-HD11 1.56670922 0.00598444045482 0.0156103652825 14.4717800289 13.3886731825 12.7942681679 12.909888975 6.94876095426e-05 0.000119655630054 0.179092135777 0.30489411915 0.268575254131 0.236744192498
R1rho 201.118 163LEUCD2-HD21 0.714170018 0.00394166338195 0.0110083663584 4.7664442326 6.39386189258 7.30994152047 8.03212851406 6.09184479205e-05 0.000203658995705 0.103647561342 0.0654171981814 0.170551170968 0.171042476463
R2rho 201.118 163LEUCD2-HD21 0.714170018 0.00394166338195 0.0110083663584 10.4090767149 9.73709834469 9.96015936255 10.0847115772 6.09184479205e-05 0.000203658995705 0.41890292731 0.367440652709 0.115092902197 0.384990770203
R1rho 201.118 113VALCG1-HG11 0.23832483 0.0031328320802 0.00819000819001 3.6563071298 4.21407501054 4.83792936623 5.28262017961 6.69663935811e-05 0.000194630872483 0.0200534759358 0.0139050006669 0.130463709176 0.254252492511
R2rho 201.118 113VALCG1-HG11 0.23832483 0.0031328320802 0.00819000819001 8.46023688663 7.7101002313 5.7273768614 6.21890547264 6.69663935811e-05 0.000194630872483 0.145341353895 0.15462081327 0.546124156859 0.58521421181
R1rho 201.118 I119CD1-HD1 -0.720203558 0.00174611489436 0.00703729767769 2.10260723297 2.68744961032 3.23729362253 4.06338886631 8.403899605e-05 4.75943165947e-05 0.134053422153 0.255781686323 0.171302123137 0.188631634683
R2rho 201.118 I119CD1-HD1 -0.720203558 0.00174611489436 0.00703729767769 6.00961538462 5.29380624669 5.00250125063 5.12295081967 8.403899605e-05 4.75943165947e-05 0.167706213874 0.0425998227915 0.316572971954 0.171306076624
R1rho 201.118 121LEUCD1-HD11 0.916695844 0.00335345405768 0.0120336943442 4.0 4.58295142071 5.15729757607 5.7273768614 3.54277636756e-05 0.000159318695325 0.181170137838 0.235859983406 0.125882115933 0.0583951345226
R2rho 201.118 121LEUCD1-HD11 0.916695844 0.00335345405768 0.0120336943442 12.1006776379 9.87166831194 9.21658986175 9.71817298348 3.54277636756e-05 0.000159318695325 0.41928167959 0.101358512035 0.404266070906 0.324299432152
R1rho 201.118 6LEUCD1-HD11 1.48324525 0.0032041012496 0.0093370681606 4.09668168783 4.72813238771 6.09384521633 6.8166325835 3.43959500052e-05 0.000111607419229 0.0978995737139 0.0527649264129 0.0672224367666 0.0425649549986
R2rho 201.118 6LEUCD1-HD11 1.48324525 0.0032041012496 0.0093370681606 9.78473581213 8.18330605565 7.77000777001 8.29187396352 3.43959500052e-05 0.000111607419229 0.0788957579366 0.204375135587 0.356950985185 0.365799121351
R1rho 201.118 123VALCG1-HG11 0.796025044 0.00418760469012 0.0120598166908 5.46149645003 6.56598818122 7.65696784074 7.98084596967 6.98128039475e-05 0.000452953015533 0.149549962522 0.0814946097633 0.0447942085064 0.0981034288397
R2rho 201.118 123VALCG1-HG11 0.796025044 0.00418760469012 0.0120598166908 11.5035085701 10.4014978157 10.1317122594 10.9938434477 6.98128039475e-05 0.000452953015533 0.0752993997531 0.323804755696 0.372099311127 0.114833890179
R1rho 201.118 123VALCG2-HG21 1.203087876 0.00395413206801 0.0126406269751 4.67508181393 6.16522811344 7.1530758226 8.19000819001 9.65263935364e-05 6.32766238451e-05 0.106495822933 0.136142256885 0.0767585773872 0.0554745905621
R2rho 201.118 123VALCG2-HG21 1.203087876 0.00395413206801 0.0126406269751 11.5513457318 10.2228583112 10.1812258196 10.5786522797 9.65263935364e-05 6.32766238451e-05 0.0931426997231 0.0449388061484 0.243734319262 0.315861329484
R1rho 201.118 53VALCG2-HG21 0.491934628 0.00391849529781 0.0103060908997 4.49236298293 5.27983104541 6.22277535781 6.77048070413 6.31238007063e-05 0.000201886879403 0.0569204721454 0.0895096479954 0.0693226513556 0.127019838403
R2rho 201.118 53VALCG2-HG21 0.491934628 0.00391849529781 0.0103060908997 9.8231827112 8.56898029135 8.25763831544 8.1499592502 6.31238007063e-05 0.000201886879403 0.0902303605472 0.0540447331475 0.0941124762482 0.068419312152
R1rho 201.118 159VALCG2-HG21 1.193836448 0.00310462589258 0.0120802126117 4.39947206335 5.66251415629 6.8073519401 7.63358778626 7.32949402863e-05 7.48657535437e-05 0.183613924591 0.0888393210378 0.221275298986 0.367962498197
R2rho 201.118 159VALCG2-HG21 1.193836448 0.00310462589258 0.0120802126117 10.7123727906 10.013016922 9.48766603416 9.85221674877 7.32949402863e-05 7.48657535437e-05 0.487566765743 0.15142798394 0.208036440491 0.234061438253
R1rho 201.118 120LEUCD1-HD11 0.787175852 0.00301659125189 0.0106179655978 3.86847195358 4.93583415597 6.00600600601 6.6889632107 4.65111461791e-05 6.4152080693e-05 0.0777000615308 0.109685176731 0.0580815248806 0.0993496553659
R2rho 201.118 120LEUCD1-HD11 0.787175852 0.00301659125189 0.0106179655978 10.1142914939 8.81057268722 8.57632933105 8.69565217391 4.65111461791e-05 6.4152080693e-05 0.224144547728 0.0536416862649 0.126539425683 0.368143319315
R1rho 201.118 127LEUCD1-HD11 1.599491454 0.00604229607251 0.0149655791679 7.09219858156 7.91139240506 9.17431192661 10.3723680116 0.000105178755019 0.000228501175661 0.0734448244549 0.144004978816 0.0491555226653 0.27884903178
R2rho 201.118 127LEUCD1-HD11 1.599491454 0.00604229607251 0.0149655791679 14.6907595123 12.3977188197 11.9217930377 13.1130343562 0.000105178755019 0.000228501175661 0.040574171524 0.249100041529 0.449766440273 0.378608769722
R1rho 201.118 66LEUCD2-HD21 0.937813234 0.00278940027894 0.00592768227623 3.08451573103 3.61925443359 3.92003136025 4.23190859077 1.73517526228e-05 0.000235792615116 0.1133721714 0.259368877841 0.146648800011 0.157279013244
R2rho 201.118 66LEUCD2-HD21 0.937813234 0.00278940027894 0.00592768227623 5.68181818182 5.03018108652 4.73709142586 5.19480519481 1.73517526228e-05 0.000235792615116 0.255551037586 0.472189445468 0.18631522159 0.357898064666
R1rho 201.118 58LEUCD2-HD21 1.49933469 0.00447027268663 0.00940733772342 4.97017892644 5.50357732526 5.92768227623 6.31313131313 8.61601700489e-05 0.000337611102298 0.182551375424 0.0887709178935 0.0325030880679 0.0550049401611
R2rho 201.118 58LEUCD2-HD21 1.49933469 0.00447027268663 0.00940733772342 9.19963201472 8.08407437348 8.038585209 8.41750841751 8.61601700489e-05 0.000337611102298 0.222715770532 0.149707978897 0.215335076478 0.126149237269
R1rho 201.118 40LEUCD1-HD11 1.30927818 0.00308261405672 0.0058651026393 3.55113636364 3.97614314115 4.45831475702 4.66635557629 8.57789531003e-05 0.000232560643418 0.103494426194 0.136915989496 0.0258404096301 0.133152722453
R2rho 201.118 40LEUCD1-HD11 1.30927818 0.00308261405672 0.0058651026393 5.99520383693 5.76368876081 5.60538116592 5.84795321637 8.57789531003e-05 0.000232560643418 0.234342434535 0.0332212117437 0.212391067964 0.163939723313
R1rho 201.118 I90CD1-HD1 -0.595912634 0.00136668033347 0.0104832791697 2.29621125144 3.42817963661 4.17710944027 4.86618004866 6.30791772828e-05 0.000185787865876 0.178219753336 0.338172001162 0.195848980851 0.159535542114
R2rho 201.118 I90CD1-HD1 -0.595912634 0.00136668033347 0.0104832791697 10.2019995919 8.31946755408 7.9554494829 8.18330605565 6.30791772828e-05 0.000185787865876 0.174907117033 0.0366838896144 0.0467723180322 0.398723108711
R1rho 201.118 16LEUCD1-HD11 1.625234558 0.00414078674948 0.0401123144805 4.91883915396 5.69151963574 6.3371356147 6.89655172414 6.15681578913e-05 0.000226875943409 0.0648538128752 0.0657673726839 0.0899749349112 0.134176790845
R2rho 201.118 16LEUCD1-HD11 1.625234558 0.00414078674948 0.0401123144805 45.4752160073 33.4672021419 27.6625172891 28.9435600579 6.15681578913e-05 0.000226875943409 0.19398148593 0.253146599916 0.187486253001 0.329270362991
R1rho 201.118 62LEUCD2-HD21 0.903623174 0.00274574409665 0.00584453535944 2.93083235639 3.48310693138 4.09836065574 4.28632661809 4.23044483605e-05 0.000145263648823 0.0709931750256 0.0519366474445 0.067540504595 0.0792129229014
R2rho 201.118 62LEUCD2-HD21 0.903623174 0.00274574409665 0.00584453535944 5.54631170272 5.21376433785 4.97265042268 5.07614213198 4.23044483605e-05 0.000145263648823 0.0575303309981 0.0475748030522 0.0608381442621 0.0904716591483
R1rho 201.118 58LEUCD1-HD11 1.47117817 0.0032041012496 0.00642673521851 3.61532899494 3.9603960396 4.16493127863 4.4662795891 1.32437078715e-05 9.29510182216e-05 0.108976966352 0.127334576021 0.0859024418116 0.14717366721
R2rho 201.118 58LEUCD1-HD11 1.47117817 0.0032041012496 0.00642673521851 6.34920634921 5.68828213879 5.68828213879 6.05693519079 1.32437078715e-05 9.29510182216e-05 0.0689423671202 0.0388296736366 0.0776702045445 0.0653094971574
R1rho 201.118 I154CD1-HD1 -0.707130888 0.00162654521796 0.008038585209 2.30574129583 3.24886289799 4.0338846309 4.82160077146 3.89132920526e-05 8.59528981608e-05 0.14302681566 0.0727611674693 0.0693401556928 0.118169891905
R2rho 201.118 I154CD1-HD1 -0.707130888 0.00162654521796 0.008038585209 7.54147812971 6.5445026178 6.1387354205 6.41848523748 3.89132920526e-05 8.59528981608e-05 0.0887355538518 0.12768349794 0.028339026486 0.180585376651
R1rho 201.118 9LEUCD2-HD21 0.63854965 0.0038211692778 0.0307503075031 5.19480519481 6.34115409004 7.44047619048 8.1103000811 4.38097610776e-05 0.000866840320397 0.0726065208445 0.0868704053298 0.0980054121246 0.0703866558057
R2rho 201.118 9LEUCD2-HD21 0.63854965 0.0038211692778 0.0307503075031 33.00330033 24.6791707799 22.3713646532 22.6911731337 4.38097610776e-05 0.000866840320397 0.35512612204 0.581976980373 0.510753463509 0.473904719911
R1rho 201.118 163LEUCD1-HD11 1.430552334 0.00544959128065 0.0128882587962 6.54022236756 7.52445447705 8.29187396352 9.08265213442 3.08869590638e-05 0.000225975238929 0.11552719767 0.129692387384 0.0191140398897 0.215431891542
R2rho 201.118 163LEUCD1-HD11 1.430552334 0.00544959128065 0.0128882587962 12.3670541677 11.143302875 10.8719286801 11.0192837466 3.08869590638e-05 0.000225975238929 0.235619268638 0.273345317786 0.486769100651 0.178541029749
R1rho 201.118 138VALCG2-HG21 0.645789898 0.0030312215823 0.0059880239521 3.27653997379 3.67647058824 3.97456279809 4.29000429 3.19788573145e-05 6.45490745097e-05 0.0721789923524 0.206093423233 0.183637284701 0.241858060705
R2rho 201.118 138VALCG2-HG21 0.645789898 0.0030312215823 0.0059880239521 5.69800569801 5.09683995923 4.94315373208 5.24383848977 3.19788573145e-05 6.45490745097e-05 0.113030538552 0.126069257381 0.0635408945532 0.12022870493
R1rho 201.118 159VALCG1-HG11 0.444873016 0.00411015207563 0.0116563702063 4.84730974309 6.01684717208 7.10227272727 7.83699059561 7.48623600167e-05 0.000218829325631 0.0834369685117 0.222586832827 0.111504905063 0.163444029673
R2rho 201.118 159VALCG1-HG11 0.444873016 0.00411015207563 0.0116563702063 11.0047320348 9.5328884652 9.74658869396 9.87166831194 7.48623600167e-05 0.000218829325631 0.302989651001 0.0875209277523 0.165340578215 0.110132017979
R1rho 201.118 I24CD1-HD1 -0.744337718 0.00164500740253 0.0102923013586 1.48411991689 2.07382828702 2.60688216893 3.79075056861 4.52251551954e-05 0.000250145847749 0.292489571604 0.17981357362 0.209977027692 0.039089984247
R2rho 201.118 I24CD1-HD1 -0.744337718 0.00164500740253 0.0102923013586 11.3391540991 8.038585209 7.59301442673 7.27802037846 4.52251551954e-05 0.000250145847749 0.149174451226 0.128624430424 0.173051397996 0.0635683455067
R1rho 201.118 6LEUCD2-HD21 1.221992968 0.00337837837838 0.00978473581213 3.85505011565 4.77783086479 5.36480686695 7.14796283059 0.000160146419584 0.000351823357142 0.247713869589 0.119005889487 0.173443447911 0.116012499524
R2rho 201.118 6LEUCD2-HD21 1.221992968 0.00337837837838 0.00978473581213 10.2595670463 8.1499592502 7.50187546887 8.54700854701 0.000160146419584 0.000351823357142 0.899401659258 0.503390803783 0.767628154099 1.06811930893
R1rho 201.118 93LEUCD2-HD21 0.873254356 0.00521920668058 0.0145964092833 6.42260757868 7.72200772201 8.74125874126 9.46073793756 3.05099751056e-05 0.000190930084377 0.0808625946321 0.0231960471698 0.0978165392117 0.0446642710307
R2rho 201.118 93LEUCD2-HD21 0.873254356 0.00521920668058 0.0145964092833 14.0252454418 12.1256214381 11.7827265229 12.2804863073 3.05099751056e-05 0.000190930084377 0.224303902353 0.148523278627 0.222211207336 0.303313596924
R1rho 201.118 I158CD1-HD1 -1.592050088 0.00177967609895 0.00693481276006 2.23413762288 3.04136253041 3.52236703064 3.93236335037 7.64713273772e-05 0.000200709934623 0.0102824418873 0.0336737121496 0.0778302880926 0.10507194845
R2rho 201.118 I158CD1-HD1 -1.592050088 0.00177967609895 0.00693481276006 6.68002672011 5.44662309368 4.9850448654 5.10204081633 7.64713273772e-05 0.000200709934623 0.278482089876 0.336497100914 0.342049606181 0.374232790068
R1rho 201.118 18LEUCD1-HD11 1.382485132 0.00389863547758 0.00904159132007 4.40528634361 4.63177396943 4.99750124938 5.39665407447 3.49613358027e-05 0.000168464212526 0.100383922681 0.170354731677 0.085189553965 0.0407757528733
R2rho 201.118 18LEUCD1-HD11 1.382485132 0.00389863547758 0.00904159132007 8.58369098712 6.97350069735 6.67556742323 7.20980533526 3.49613358027e-05 0.000168464212526 0.37722929131 0.386816529764 0.274078506547 0.554238802677
R1rho 201.118 62LEUCD1-HD11 1.37464153 0.00333667000334 0.00686813186813 3.45065562457 4.05186385737 4.12201154163 5.52181115406 2.80580678549e-05 7.54830917874e-05 0.206728227066 0.185908620155 0.123294711903 0.0255210086232
R2rho 201.118 62LEUCD1-HD11 1.37464153 0.00333667000334 0.00686813186813 5.92066311427 5.32765050613 5.35331905782 5.64652738566 2.80580678549e-05 7.54830917874e-05 0.169450608605 0.143442324646 0.110093338968 0.151554562953
R1rho 201.118 I82CD1-HD1 -1.112987012 0.00143245953302 0.00762195121951 1.89681335357 2.3702299123 2.91290416545 3.2711808963 2.87387225404e-05 5.42045741284e-05 0.171930321936 0.142648108204 0.0789685518356 0.15874131012
R2rho 201.118 I82CD1-HD1 -1.112987012 0.00143245953302 0.00762195121951 7.49063670412 5.94530321046 5.47345374932 5.98444045482 2.87387225404e-05 5.42045741284e-05 0.19708106768 0.168384814373 0.166424339335 0.26878334544
R1rho 201.118 116VALCG1-HG11 1.18357943 0.00295857988166 0.00655307994758 3.28623069339 3.70507595406 3.94788787998 4.3233895374 4.37755539796e-05 0.000183509681625 0.129793588175 0.173345394137 0.0803001604405 0.0478566068899
R2rho 201.118 116VALCG1-HG11 1.18357943 0.00295857988166 0.00655307994758 6.19962802232 5.33049040512 5.16262261229 5.46746856206 4.37755539796e-05 0.000183509681625 0.114576562551 0.109155985905 0.130681721201 0.250430461805
