25.0 400 18.046680022845912
50.0 400 17.2436067692339
75.0 400 16.456065151637063
100.0 400 15.697136873832848
125.0 400 14.982267961931624
150.0 400 14.331223824924779
175.0 400 13.75602823799894
200.0 400 13.258646868638488
225.0 400 12.834162034193136
250.0 400 12.47433822318535
275.0 400 12.170042395189824
300.0 400 11.91255044445797
325.0 400 11.694116421993055
350.0 400 11.508130737083393
375.0 400 11.34907742090331
400.0 400 11.212408656093567
425.0 400 11.094397122341674
450.0 400 10.991994260082187
475.0 400 10.902705556739633
500.0 400 10.82448562678936
525.0 400 10.755652114653957
550.0 400 10.69481602506818
575.0 400 10.640825768061642
600.0 400 10.592722373004392
625.0 400 10.54970367092043
650.0 400 10.511095621816759
675.0 400 10.476329312875716
700.0 400 10.444922452113758
725.0 400 10.416439791278117
750.0 400 10.390604200775067
775.0 400 10.367040454144805
800.0 400 10.345513545777123
825.0 400 10.32579890738578
850.0 400 10.307701607212834
875.0 400 10.291051853224799
900.0 400 10.275701258998533
925.0 400 10.261519730744611
950.0 400 10.248392862243925
975.0000000000001 400 10.236219746536028
1000.0 400 10.22491113104462

25.0 380 17.549004849135592
50.0 380 16.78991650732201
75.0 380 16.04669189126097
100.0 380 15.331793059288959
125.0 380 14.659989355454314
150.0 380 14.049359228850458
175.0 380 13.51058860370539
200.0 380 13.045107507932437
225.0 380 12.64807130330613
250.0 380 12.311641379967744
275.0 380 12.027202964271323
300.0 380 11.786558532762843
325.0 380 11.582444150299342
350.0 380 11.408668708276425
375.0 380 11.260069255025545
400.0 380 11.132391113955773
425.0 380 11.02214841752939
450.0 380 10.926490804862542
475.0 380 10.843086382230691
500.0 380 10.770023383731576
525.0 380 10.705729539620286
550.0 380 10.648906865454352
575.0 380 10.59847930903617
600.0 380 10.553550859828462
625.0 380 10.513372054523828
650.0 380 10.477313168992383
675.0 380 10.444842715370537
700.0 380 10.415510143781848
725.0 380 10.388908827271662
750.0 380 10.364780001911551
775.0 380 10.34277305102342
800.0 380 10.32266849607788
825.0 380 10.304256573529202
850.0 380 10.287355205565055
875.0 380 10.271805798742147
900.0 380 10.257469755280889
925.0 380 10.244225564820306
950.0 380 10.231966370717602
975.0000000000001 380 10.220597925743485
1000.0 380 10.2100368686624

25.0 360 17.070989943075496
50.0 360 16.355108751665984
75.0 360 15.65521063007089
100.0 360 14.983134252151567
125.0 360 14.352925228342688
150.0 360 13.781108054219429
175.0 360 13.277186345888358
200.0 360 12.842150848844435
225.0 360 12.471270288801257
250.0 360 12.157108892631104
275.0 360 11.891559024785275
300.0 360 11.666931897718873
325.0 360 11.476426404524453
350.0 360 11.314251879286656
375.0 360 11.175582450926427
400.0 360 11.056442955735172
425.0 360 10.953577528090147
450.0 360 10.864324471951678
475.0 360 10.786506607632548
500.0 360 10.718339241562544
525.0 360 10.658354761882023
550.0 360 10.605341685144229
575.0 360 10.55829573864253
600.0 360 10.516380728974474
625.0 360 10.478897260098933
650.0 360 10.445257700083864
675.0 360 10.414966104364492
700.0 360 10.387602066436735
725.0 360 10.362786142806769
750.0 360 10.340276989701817
775.0 360 10.319747373949578
800.0 360 10.300992552004839
825.0 360 10.283816814970653
850.0 360 10.268050287208228
875.0 360 10.253545005584694
900.0 360 10.240171663930186
925.0 360 10.227816899203042
950.0 360 10.216381020539536
975.0000000000001 360 10.20577610172335
1000.0 360 10.195924373074632

25.0 340 16.613957452528624
50.0 340 15.940228815432967
75.0 340 15.28241371592271
100.0 340 14.651728333479427
125.0 340 14.061470159088396
150.0 340 13.52674316429888
175.0 340 13.056011918241936
200.0 340 12.649911873625689
225.0 340 12.303856327537364
250.0 340 12.010812187316503
275.0 340 11.763163876499458
300.0 340 11.55371094515881
325.0 340 11.37609426808283
350.0 340 11.22490448801439
375.0 340 11.095636145903729
400.0 340 10.984579466076067
425.0 340 10.888696791434588
450.0 340 10.805505317397849
475.0 340 10.732974503562582
500.0 340 10.66944005925818
525.0 340 10.613533513678954
550.0 340 10.564125309059701
575.0 340 10.520279145139467
600.0 340 10.481215465978694
625.0 340 10.446282276482313
650.0 340 10.414931791852236
675.0 340 10.386701712567776
700.0 340 10.361200163848224
725.0 340 10.338073437038823
750.0 340 10.317096656708665
775.0 340 10.29796473873456
800.0 340 10.280486877850262
825.0 340 10.264480665557002
850.0 340 10.249787773197696
875.0 340 10.2362702969172
900.0 340 10.223807722818895
925.0 340 10.212294397182056
950.0 340 10.201637409567667
975.0000000000001 340 10.191754814732656
1000.0 340 10.182574133688297

25.0 320 16.179195761496985
50.0 320 15.546288063905244
75.0 320 14.929061813255686
100.0 320 14.338117263292546
125.0 320 13.785999434591789
150.0 320 13.286523597271277
175.0 320 12.84724593457698
200.0 320 12.468518510413503
225.0 320 12.145921632889742
250.0 320 11.872818912338744
275.0 320 11.642067990352547
300.0 320 11.446933930870365
325.0 320 11.28147716707386
350.0 320 11.140649477933108
375.0 320 11.020248453872105
400.0 320 10.916815111361446
425.0 320 10.827517883878393
450.0 320 10.750042857948872
475.0 320 10.682497896767392
500.0 320 10.623332327465185
525.0 320 10.571271219259955
550.0 320 10.525262302764855
575.0 320 10.484433396933596
600.0 320 10.448058368861568
625.0 320 10.4155299316698
650.0 320 10.38633788234107
675.0 320 10.360051652466252
700.0 320 10.33630627508616
725.0 320 10.314772317592462
750.0 320 10.295240415078624
775.0 320 10.277426390265685
800.0 320 10.261152575152282
825.0 320 10.246249103396323
850.0 320 10.232568534932463
875.0 320 10.219982451510004
900.0 320 10.208378630021198
925.0 320 10.197658686269877
950.0 320 10.187736103399123
975.0000000000001 320 10.178534575880754
1000.0 320 10.16998661349672

25.0 300 15.767952569954419
50.0 300 15.174259443756775
75.0 300 14.595881447982277
100.0 300 14.042815913768408
125.0 300 13.526868500297617
150.0 300 13.06069429329533
175.0 300 12.65105902428031
200.0 300 12.298091551949272
225.0 300 11.99755324671365
250.0 300 11.743192908552194
275.0 300 11.5283189895301
300.0 300 11.34663694816065
325.0 300 11.192602861893162
350.0 300 11.061508492329313
375.0 300 10.94943646130413
400.0 300 10.853163536794643
425.0 300 10.770051818509177
450.0 300 10.697946069496657
475.0 300 10.635084168980216
500.0 300 10.580022167624174
525.0 300 10.531572994218578
550.0 300 10.48875697194122
575.0 300 10.450762142165571
600.0 300 10.416912547810266
625.0 300 10.386642892544073
650.0 300 10.35947827068078
675.0 300 10.335017916160583
700.0 300 10.312922134404726
725.0 300 10.292884300429689
750.0 300 10.27470959643603
775.0 300 10.258133502455282
800.0 300 10.24299068262317
825.0 300 10.229123050810648
850.0 300 10.216393394106317
875.0 300 10.204682203720932
900.0 300 10.19388504378424
925.0 300 10.183910358171707
950.0 300 10.17467763536847
975.0000000000001 300 10.166115867110763
1000.0 300 10.158162249074893

25.0 280 15.381428154075124
50.0 280 14.825073200954247
75.0 280 14.283562700187336
100.0 280 13.766310981749566
125.0 280 13.284412448536544
150.0 280 12.849485840230908
175.0 280 12.467611697358016
200.0 280 12.13874457957228
225.0 280 11.858832994290124
250.0 280 11.621994181540446
275.0 280 11.421961631714229
300.0 280 11.25285391618345
325.0 280 11.109497439349644
350.0 280 10.987501868856553
375.0 280 10.883216223403037
400.0 280 10.793637563666993
425.0 280 10.716308943191507
450.0 280 10.649223385608023
475.0 280 10.590740255803597
500.0 280 10.539515331132016
525.0 280 10.494443644839963
550.0 280 10.454613361882833
575.0 280 10.419268808325011
600.0 280 10.387780924869647
625.0 280 10.359623664655581
650.0 280 10.334355116880063
675.0 280 10.311602375206029
700.0 280 10.291049371097568
725.0 280 10.272410809778988
750.0 280 10.255505451803803
775.0 280 10.24008717814707
800.0 280 10.22600217609664
825.0 280 10.213103374281836
850.0 280 10.201263122664503
875.0 280 10.19037024342623
900.0 280 10.18032758249983
925.0 280 10.171049968767907
950.0 280 10.16246250650344
975.0000000000001 280 10.15449914118263
1000.0 280 10.147101450555573

25.0 260 15.020768858043585
50.0 260 14.499612809291168
75.0 260 13.992757047594218
100.0 260 13.509059979609022
125.0 260 13.058945544231829
150.0 260 12.653114237605328
175.0 260 12.297054218925062
200.0 260 11.99058389232718
225.0 260 11.729837442280235
250.0 260 11.50927887563785
275.0 260 11.323037792449895
300.0 260 11.165616568975121
325.0 260 11.0321853052897
350.0 260 10.918648634440785
375.0 260 10.821602760521545
400.0 260 10.738249186793583
425.0 260 10.666298938707532
450.0 260 10.603882696134686
475.0 260 10.549472645677467
500.0 260 10.501817198555951
525.0 260 10.459887667510746
550.0 260 10.422835257048657
575.0 260 10.389956601886297
600.0 260 10.360666233655975
625.0 260 10.334474591971661
650.0 260 10.310970441668362
675.0 260 10.289806780451821
700.0 260 10.270689509383292
725.0 260 10.25335317800497
750.0 260 10.237629151525377
775.0 260 10.223288449055236
800.0 260 10.21018796846879
825.0 260 10.198190884406136
850.0 260 10.187178442759853
875.0 260 10.177047216018048
900.0 260 10.167706824670438
925.0 260 10.159078038081494
950.0 260 10.151091185520583
975.0000000000001 260 10.143684821649726
1000.0 260 10.136804601627418

25.0 240 14.687060863975029
50.0 240 14.198711128145112
75.0 240 13.724075361512854
100.0 240 13.271490303219373
125.0 240 12.850760787141013
150.0 240 12.471780678401139
175.0 240 12.139526492882053
200.0 240 11.853708441198629
225.0 240 11.61063785963901
250.0 240 11.405099249713382
275.0 240 11.23158644965166
300.0 240 11.084954445266145
325.0 240 10.96068917768338
350.0 240 10.854966500507848
375.0 240 10.764610054801237
400.0 240 10.687009572097432
425.0 240 10.62003081700564
450.0 240 10.561931345927368
475.0 240 10.511287378925557
500.0 240 10.466932778911671
525.0 240 10.42790924815691
550.0 240 10.393426180619551
575.0 240 10.362828507978012
600.0 240 10.335571019099332
625.0 240 10.31119785667771
650.0 240 10.289326126295355
675.0 240 10.269632761921468
700.0 240 10.251843968295965
725.0 240 10.235712645533752
750.0 240 10.221081785184479
775.0 240 10.207738275714531
800.0 240 10.195548909650428
825.0 240 10.184386335854125
850.0 240 10.174140026721684
875.0 240 10.164713722351616
900.0 240 10.156023308889297
925.0 240 10.147995050257839
950.0 240 10.14056410879882
975.0000000000001 240 10.13367330284435
1000.0 240 10.127272059493682

25.0 220 14.381324281910326
50.0 220 13.92314680500151
75.0 220 13.47808605598979
100.0 220 13.05399837564502
125.0 220 12.660129509723886
150.0 220 12.305671348253295
175.0 220 11.995157954689093
200.0 220 11.728209768324154
225.0 220 11.501300181404178
250.0 220 11.309503654758423
275.0 220 11.147643669231867
300.0 220 11.010894878981068
325.0 220 10.895030080234244
350.0 220 10.796471858582134
375.0 220 10.712251047072936
400.0 220 10.63992905440293
425.0 220 10.577512919577737
450.0 220 10.523376133639733
475.0 220 10.47619004684007
500.0 220 10.434866708972901
525.0 220 10.398512261717741
550.0 220 10.366389394090268
575.0 220 10.337887290052526
600.0 220 10.312497637177335
625.0 220 10.28979547897344
650.0 220 10.269423912390753
675.0 220 10.251081828678968
700.0 220 10.234514061574828
725.0 220 10.219490360757117
750.0 220 10.205864361536374
775.0 220 10.193437547397439
800.0 220 10.182085786503494
825.0 220 10.171690427324076
850.0 220 10.16214849701941
875.0 220 10.153370318738597
900.0 220 10.145277533813589
925.0 220 10.137801453548814
950.0 220 10.130881680363617
975.0000000000001 220 10.12446494986378
1000.0 220 10.118504154888933

25.0 200 14.104507596869775
50.0 200 13.673640935256245
75.0 200 13.255313389982911
100.0 200 12.856948864987496
125.0 200 12.487301009769173
150.0 200 12.154957241689203
175.0 200 11.864067472995595
200.0 200 11.614171951116608
225.0 200 11.401884975416673
250.0 200 11.22253651321073
275.0 200 11.071242591852721
300.0 200 10.943462990524843
325.0 200 10.835227336463612
350.0 200 10.743179776187059
375.0 200 10.664537633966507
400.0 200 10.597017135345556
425.0 200 10.538752915950496
450.0 200 10.488223310614215
475.0 200 10.444185790867769
500.0 200 10.405623252650308
525.0 200 10.371700271671388
550.0 200 10.341727896911305
575.0 200 10.315135489607076
600.0 200 10.291448254693801
625.0 200 10.270269316890953
650.0 200 10.251265401810986
675.0 200 10.234155368698586
700.0 200 10.218700997576445
725.0 200 10.204687379966131
750.0 200 10.191977808434165
775.0 200 10.180387082083511
800.0 200 10.169799322816376
825.0 200 10.160103801504903
850.0 200 10.151204426233546
875.0 200 10.143017516892753
900.0 200 10.135469958135989
925.0 200 10.128497660285737
950.0 200 10.122044271870175
975.0000000000001 200 10.116060098558181
1000.0 200 10.110501192042893

25.0 180 13.857482505217847
50.0 180 13.45085398928272
75.0 180 13.056235921765142
100.0 180 12.680673974778788
125.0 180 12.332502216931509
150.0 180 12.019793994983704
175.0 180 11.746363259987396
200.0 180 11.511671551284529
225.0 180 11.312447411853448
250.0 180 11.144238300040032
275.0 180 11.00241342076911
300.0 180 10.882681678731137
325.0 180 10.78129856428299
350.0 180 10.69510399309471
375.0 180 10.621480665270997
400.0 180 10.558282481498935
425.0 180 10.503757802316889
450.0 180 10.456478579865182
475.0 180 10.415279301835792
500.0 180 10.379206300405684
525.0 180 10.347476529587793
550.0 180 10.319444426122493
575.0 180 10.294575425898513
600.0 180 10.272424849073522
625.0 180 10.252621066120636
650.0 180 10.23485205650802
675.0 180 10.218854648774085
700.0 180 10.204405879174214
725.0 180 10.191304667261319
750.0 180 10.179422972790888
775.0 180 10.168587626393805
800.0 180 10.158690179253416
825.0 180 10.149627045045788
850.0 180 10.141308337021227
875.0 180 10.133655783930838
900.0 180 10.126601000576448
925.0 180 10.12008404686062
950.0 180 10.114052222582941
975.0000000000001 180 10.108459055513086
1000.0 180 10.103263448688148

25.0 160 13.641039168004445
50.0 160 13.255383014260932
75.0 160 12.881285114122528
100.0 160 12.525472805299465
125.0 160 12.19593739235208
150.0 160 11.90032173533177
175.0 160 11.642142790309725
200.0 160 11.420777568589422
225.0 160 11.233037235584096
250.0 160 11.074645525558003
275.0 160 10.941183410785467
300.0 160 10.828571613579696
325.0 160 10.733259671050766
350.0 160 10.652256917916645
375.0 160 10.583089941529783
400.0 160 10.523732922631853
425.0 160 10.472533900269946
450.0 160 10.428147095149054
475.0 160 10.389474819259771
500.0 160 10.355619368726867
525.0 160 10.325843974717507
550.0 160 10.299541456062686
575.0 160 10.276209195728564
600.0 160 10.255429208153059
625.0 160 10.236852259873084
650.0 160 10.220185198403497
675.0 160 10.205180814398563
700.0 160 10.191629703681954
725.0 160 10.17934309450873
750.0 160 10.168200620495284
775.0 160 10.158039855551552
800.0 160 10.148758953308672
825.0 160 10.140260688524164
850.0 160 10.132460702085618
875.0 160 10.125285542325452
900.0 160 10.118671039845232
925.0 160 10.112560953726081
950.0 160 10.106905839368986
975.0000000000001 160 10.101662098039677
1000.0 160 10.096791176036412

25.0 140 13.455881904643107
50.0 140 13.08775911639358
75.0 140 12.730844088676843
100.0 140 12.391610784177685
125.0 140 12.077787860560408
150.0 140 11.796664945913234
175.0 140 11.55149272840667
200.0 140 11.341551399393994
225.0 140 11.163698741340333
250.0 140 11.013790719942937
275.0 140 10.887576858306206
300.0 140 10.781151229619855
325.0 140 10.691124849116651
350.0 140 10.614649625014904
375.0 140 10.549374211865528
400.0 140 10.493375450166633
425.0 140 10.4450868556652
450.0 140 10.40323346012214
475.0 140 10.366776130710145
500.0 140 10.334865599656128
525.0 140 10.30680523363424
550.0 140 10.282021198069097
575.0 140 10.260038673183436
600.0 140 10.240462930020168
625.0 140 10.222964268717071
650.0 140 10.207266009269452
675.0 140 10.193134889696998
700.0 140 10.18037336279184
725.0 140 10.168803441255903
750.0 140 10.158311436384803
775.0 140 10.148744373346652
800.0 140 10.140006179287196
825.0 140 10.13200520640688
850.0 140 10.12466194417768
875.0 140 10.117907169914075
900.0 140 10.111680414641317
925.0 140 10.105928685355371
950.0 140 10.100605396683296
975.0000000000001 140 10.095669474156844
1000.0 140 10.091084598772758

25.0 120 13.302625346328583
50.0 120 12.948445227394647
75.0 120 12.605246527378986
100.0 120 12.279319164720352
125.0 120 11.978211772925432
150.0 120 11.708932346644817
175.0 120 11.474488864153964
200.0 120 11.274046799822667
225.0 120 11.104470751629108
250.0 120 10.961702419486194
275.0 120 10.841615092483371
300.0 120 10.740436720098769
325.0 120 10.654906571861714
350.0 120 10.582291851755551
375.0 120 10.520341172045391
400.0 120 10.467216215767177
425.0 120 10.421421637613685
450.0 120 10.381741727591164
475.0 120 10.347186571258623
500.0 120 10.316947760356122
525.0 120 10.290362619908104
550.0 120 10.26688560023639
575.0 120 10.24606550946235
600.0 120 10.227527422849203
625.0 120 10.210958300475463
650.0 120 10.196095530644293
675.0 120 10.18271777732354
700.0 120 10.170637642487733
725.0 120 10.159686394692356
750.0 120 10.14975602419702
775.0 120 10.140701712081675
800.0 120 10.13243232826063
825.0 120 10.124861017038763
850.0 120 10.117912436031089
875.0 120 10.111520999851514
900.0 120 10.105629423633017
925.0 120 10.100187510249317
950.0 120 10.095151136555486
975.0000000000001 120 10.0904814025979
1000.0 120 10.086143915052089

25.0 100 13.181791065255988
50.0 100 12.837834157906189
75.0 100 12.504775719123806
100.0 100 12.188794590555386
125.0 100 11.897343902002353
150.0 100 11.637216790239306
175.0 100 11.411196056667846
200.0 100 11.218309853577104
225.0 100 11.055386597410797
250.0 100 10.918405154537435
275.0 100 10.803316467438812
300.0 100 10.706442031831033
325.0 100 10.624615590196973
350.0 100 10.555191996093393
375.0 100 10.495997462762462
400.0 100 10.445260530136403
425.0 100 10.40154253758712
450.0 100 10.363675398859991
475.0 100 10.33070902297971
500.0 100 10.301868242741696
525.0 100 10.276518133816896
550.0 100 10.254136347182131
575.0 100 10.234291132700445
600.0 100 10.216623904768165
625.0 100 10.200835400103218
650.0 100 10.186674663730054
675.0 100 10.173930258407044
700.0 100 10.162423223002206
725.0 100 10.151992549601156
750.0 100 10.142534906516314
775.0 100 10.133912332564979
800.0 100 10.126037808050295
825.0 100 10.118828482610828
850.0 100 10.112212500384784
875.0 100 10.106127320616437
900.0 100 10.100518325434436
925.0 100 10.095337660917732
950.0 100 10.090543268577974
975.0000000000001 100 10.086098072783347
1000.0 100 10.081969296482239

25.0 80 13.093804692574393
50.0 80 12.756246939524523
75.0 80 12.429663749584218
100.0 80 12.120198725205105
125.0 80 11.83529546615215
150.0 80 11.581595173396016
175.0 80 11.36166818616897
200.0 80 11.174378944324802
225.0 80 11.016474101486455
250.0 80 10.883919439107785
275.0 80 10.772696355574594
300.0 80 10.679178860745159
325.0 80 10.600260929557782
350.0 80 10.533357114485089
375.0 80 10.476348668183123
400.0 80 10.427512861937357
425.0 80 10.385453168641856
450.0 80 10.349037423146429
475.0 80 10.317345914518372
500.0 80 10.289629063147354
525.0 80 10.265273462099152
550.0 80 10.243774859872524
575.0 80 10.224716747809017
600.0 80 10.207753403736987
625.0 80 10.192596449597222
650.0 80 10.179004169325992
675.0 80 10.166772992478258
700.0 80 10.155730678762016
725.0 80 10.14572240831396
750.0 80 10.136648524761656
775.0 80 10.128376624056239
800.0 80 10.120822963197297
825.0 80 10.113907909147843
850.0 80 10.107562409939531
875.0 80 10.101726375976682
900.0 80 10.096347338606542
925.0 80 10.091379333862886
950.0 80 10.086781969907967
975.0000000000001 80 10.082519644825528
1000.0 80 10.078560888127186

25.0 60 13.038993535555798
50.0 60 12.703931456448172
75.0 60 12.380090832415604
100.0 60 12.073657945475691
125.0 60 11.792153983928637
150.0 60 11.542128362834662
175.0 60 11.325948113851656
200.0 60 11.14228473261663
225.0 60 10.987755564604006
250.0 60 10.858261762204698
275.0 60 10.749767141960282
300.0 60 10.658656648183005
325.0 60 10.581849887371716
350.0 60 10.516792920136158
375.0 60 10.461399314686483
400.0 60 10.413976836924556
425.0 60 10.373156464780193
450.0 60 10.337830197116597
475.0 60 10.307099220737612
500.0 60 10.280231862064062
525.0 60 10.256629977729457
550.0 60 10.235802295435427
575.0 60 10.217343336356201
600.0 60 10.200916757440792
625.0 60 10.186242167917445
650.0 60 10.173084667758193
675.0 60 10.161246517426523
700.0 60 10.150560478348932
725.0 60 10.140876380676591
750.0 60 10.13209723914109
775.0 60 10.124094904263623
800.0 60 10.116788074947825
825.0 60 10.110099546479569
850.0 60 10.103962387359095
875.0 60 10.098318365000349
900.0 60 10.09311664164279
925.0 60 10.08831268958561
950.0 60 10.083867385241827
975.0000000000001 60 10.079746249516827
1000.0 60 10.075918808494736

25.0 40 13.017584702393753
50.0 40 12.681061367463203
75.0 40 12.356184780348931
100.0 40 12.049263097710087
125.0 40 11.767983157800595
150.0 40 11.518861136078913
175.0 40 11.304067649629399
200.0 40 11.122050137320661
225.0 40 10.96924775425877
250.0 40 10.841444580782545
275.0 40 10.734538219798228
300.0 40 10.644882577863832
325.0 40 10.569388031024506
350.0 40 10.505503781585443
375.0 40 10.451152869880236
400.0 40 10.404655237209154
425.0 40 10.364654680403673
450.0 40 10.330055564480002
475.0 40 10.299970462417136
500.0 40 10.273677903907185
525.0 40 10.25058873977446
550.0 40 10.230219547044024
575.0 40 10.212171656457809
600.0 40 10.196114613229867
625.0 40 10.181773110915847
650.0 40 10.168916638832272
675.0 40 10.157351249446535
700.0 40 10.146912984457051
725.0 40 10.137454784021976
750.0 40 10.128881328636767
775.0 40 10.12106741931175
800.0 40 10.113933361234976
825.0 40 10.107403588243388
850.0 40 10.101412605250074
875.0 40 10.09590344202638
900.0 40 10.090826372959622
925.0 40 10.086137852564116
950.0 40 10.081799626826852
975.0000000000001 40 10.077777988328076
1000.0 40 10.074043149537582

25.0 20 13.029703741273893
50.0 20 12.687735318803913
75.0 20 12.35802061495954
100.0 20 12.047069316107656
125.0 20 11.76282278685399
150.0 20 11.511822136760431
175.0 20 11.296047527750197
200.0 20 11.113690321537254
225.0 20 10.960961896170227
250.0 20 10.833476314433927
275.0 20 10.727015986955989
300.0 20 10.637861573596494
325.0 20 10.562879196267984
350.0 20 10.49949272160423
375.0 20 10.44561174182051
400.0 20 10.399550000693608
425.0 20 10.35994938993557
450.0 20 10.325714815700312
475.0 20 10.295960706039233
500.0 20 10.269968076853946
525.0 20 10.247150493234955
550.0 20 10.227027243819844
575.0 20 10.209202242695598
600.0 20 10.193347428025978
625.0 20 10.179189671293665
650.0 20 10.166500421789777
675.0 20 10.155087483027094
700.0 20 10.144788453875837
725.0 20 10.135457843156493
750.0 20 10.127000990986856
775.0 20 10.11929434373072
800.0 20 10.112258976661609
825.0 20 10.105820171860076
850.0 20 10.099913186157723
875.0 20 10.094481716670009
900.0 20 10.089476630886725
925.0 20 10.08485491125581
950.0 20 10.080578774447494
975.0000000000001 20 10.07661493340222
1000.0 20 10.072933976644812

25.0 0 13.07537379906166
50.0 0 12.723976448557142
75.0 0 12.385620314354897
100.0 0 12.067095902615348
125.0 0 11.776688708259819
150.0 0 11.521023844402198
175.0 0 11.301897390179791
200.0 0 11.117212682954696
225.0 0 10.962903668433661
250.0 0 10.83436134166119
275.0 0 10.727203843574825
300.0 0 10.637596297673166
325.0 0 10.56232548615407
350.0 0 10.498761416437528
375.0 0 10.444777278463038
400.0 0 10.398662220707596
425.0 0 10.359041487501063
450.0 0 10.324808687772519
475.0 0 10.295070563619392
500.0 0 10.269102892712782
525.0 0 10.246315668973061
550.0 0 10.226225750734114
575.0 0 10.208435406070802
600.0 0 10.192615468303325
625.0 0 10.178492078561076
650.0 0 10.165836215277228
675.0 0 10.154455390892892
700.0 0 10.144187037463029
725.0 0 10.134885690325046
750.0 0 10.12645634266517
775.0 0 10.118775780445917
800.0 0 10.111765012497052
825.0 0 10.105349378530097
850.0 0 10.09946420255861
875.0 0 10.094053253810978
900.0 0 10.089067473670093
925.0 0 10.08446391808868
950.0 0 10.080204875423608
975.0000000000001 0 10.076257127552353
1000.0 0 10.07259132864208

25.0 -20 13.154515303729754
50.0 -20 12.789732183422839
75.0 -20 12.438952698446425
100.0 -20 12.109326268114634
125.0 -20 11.809572767334581
150.0 -20 11.546462558579126
175.0 -20 11.321615777781728
200.0 -20 11.132616848687169
225.0 -20 10.975073198353666
250.0 -20 10.844099997891018
275.0 -20 10.735102190737463
300.0 -20 10.644087149977983
325.0 -20 10.567727270400251
350.0 -20 10.503310195385138
375.0 -20 10.44864976736681
400.0 -20 10.40199214576246
425.0 -20 10.36193118679353
450.0 -20 10.3273373641154
475.0 -20 10.297300192613982
500.0 -20 10.271082486859513
525.0 -20 10.248084383646408
550.0 -20 10.227815168604131
575.0 -20 10.209871233959822
600.0 -20 10.193918810045362
625.0 -20 10.179680399013803
650.0 -20 10.166924077336112
675.0 -20 10.155455024030399
700.0 -20 10.145108780142053
725.0 -20 10.135738365220956
750.0 -20 10.12724741888656
775.0 -20 10.119511760770742
800.0 -20 10.112451496671842
825.0 -20 10.105991233239346
850.0 -20 10.10006567685117
875.0 -20 10.094618073587576
900.0 -20 10.08959891946516
925.0 -20 10.084964889473056
950.0 -20 10.080677944610894
975.0000000000001 -20 10.076704584256472
1000.0 -20 10.073015217787066

25.0 -40 13.266946173623047
50.0 -40 12.884874328983786
75.0 -40 12.517933452010011
100.0 -40 12.17370793483358
125.0 -40 11.861442816169701
150.0 -40 11.588118397458548
175.0 -40 11.355190129260965
200.0 -40 11.15989467452033
225.0 -40 10.997465061918822
250.0 -40 10.862688575094554
275.0 -40 10.750708430216504
300.0 -40 10.657332267800706
325.0 -40 10.579083185260565
350.0 -40 10.513138040684641
375.0 -40 10.457228435615814
400.0 -40 10.409539179510137
425.0 -40 10.368618021019515
450.0 -40 10.333300474518651
475.0 -40 10.30264929589726
500.0 -40 10.275906618218224
525.0 -40 10.252456439689587
550.0 -40 10.2317953340361
575.0 -40 10.213509590111562
600.0 -40 10.197257338744969
625.0 -40 10.182754535738045
650.0 -40 10.16976392539302
675.0 -40 10.158086311650754
700.0 -40 10.147553620889227
725.0 -40 10.13801581497337
750.0 -40 10.12937417358901
775.0 -40 10.121502244412914
800.0 -40 10.114318393778726
825.0 -40 10.107745704738448
850.0 -40 10.101717581366396
875.0 -40 10.096176151408761
900.0 -40 10.091070946337242
925.0 -40 10.086357805776457
950.0 -40 10.081997964396033
975.0000000000001 -40 10.077957287667479
1000.0 -40 10.074205629779788

25.0 -60 13.412382555688174
50.0 -60 13.009199454977674
75.0 -60 12.622425286123951
100.0 -60 12.260152600242172
125.0 -60 11.932242740896635
150.0 -60 11.645955310722584
175.0 -60 11.402596787842379
200.0 -60 11.199030248633928
225.0 -60 11.030068285968877
250.0 -60 10.890119323099876
275.0 -60 10.774016965290418
300.0 -60 10.677327526365984
325.0 -60 10.596390133873783
350.0 -60 10.528242587755171
375.0 -60 10.470511449980709
400.0 -60 10.42130188084175
425.0 -60 10.379100842973344
450.0 -60 10.342697095220922
475.0 -60 10.311117121815599
500.0 -60 10.283574669288106
525.0 -60 10.259431325353667
550.0 -60 10.23816581948894
575.0 -60 10.219350114659193
600.0 -60 10.202630749416928
625.0 -60 10.187714228600324
650.0 -60 10.174355536263514
675.0 -60 10.1623490612157
700.0 -60 10.151521392750485
725.0 -60 10.141717894150792
750.0 -60 10.132836479448823
775.0 -60 10.124747119456925
800.0 -60 10.11736560506049
825.0 -60 10.110612705569816
850.0 -60 10.104419838361851
875.0 -60 10.098727417941
900.0 -60 10.093483492259786
925.0 -60 10.088642611349806
950.0 -60 10.084164884698158
975.0000000000001 -60 10.080015192601167
1000.0 -60 10.076162523748875

25.0 -80 13.590440093540092
50.0 -80 13.162429577199244
75.0 -80 12.752238239237384
100.0 -80 12.368536262856024
125.0 -80 12.021892517724176
150.0 -80 11.719921106931713
175.0 -80 11.463801015768173
200.0 -80 11.249999899750595
225.0 -80 11.072866353012499
250.0 -80 10.926380452539417
275.0 -80 10.805019202605171
300.0 -80 10.704066540038422
325.0 -80 10.619643287073348
350.0 -80 10.54862012574878
375.0 -80 10.488495917301389
400.0 -80 10.437277964175816
425.0 -80 10.393377825239583
450.0 -80 10.355525749043936
475.0 -80 10.322702464268371
500.0 -80 10.29408564622791
525.0 -80 10.269008214750915
550.0 -80 10.246925933289452
575.0 -80 10.227392224155308
600.0 -80 10.21003854661792
625.0 -80 10.194559054291364
650.0 -80 10.180698546181874
675.0 -80 10.168242958446175
700.0 -80 10.157011822836525
725.0 -80 10.146844364778278
750.0 -80 10.137634127885047
775.0 -80 10.129246202392416
800.0 -80 10.121592968436989
825.0 -80 10.114592092040757
850.0 -80 10.108172320022799
875.0 -80 10.102271759115927
900.0 -80 10.096836455118549
925.0 -80 10.091819214506302
950.0 -80 10.087178622973067
975.0000000000001 -80 10.082878224539414
1000.0 -80 10.078885832259614

25.0 -100 13.800635725064758
50.0 -100 13.344213138016853
75.0 -100 12.907130119365068
100.0 -100 12.49869941068169
125.0 -100 12.130288298061384
150.0 -100 11.809947495428155
175.0 -100 11.538757016589072
200.0 -100 11.31277220976581
225.0 -100 11.125837208720718
250.0 -100 10.971456139504017
275.0 -100 10.843703555152217
300.0 -100 10.737540664288124
325.0 -100 10.64883608469399
350.0 -100 10.574265598447022
375.0 -100 10.51117788512248
400.0 -100 10.457464299893006
425.0 -100 10.411446460528003
450.0 -100 10.371784405634541
475.0 -100 10.33740366291603
500.0 -100 10.307438178994428
525.0 -100 10.281185967972219
550.0 -100 10.25807471971853
575.0 -100 10.237635111638669
600.0 -100 10.219480044507472
625.0 -100 10.203288426349234
650.0 -100 10.18879245081114
675.0 -100 10.175767567343689
700.0 -100 10.164024532354148
725.0 -100 10.15339489634322
750.0 -100 10.143766829072113
775.0 -100 10.13499923811307
800.0 -100 10.12700025849162
825.0 -100 10.119683664264281
850.0 -100 10.112974848475726
875.0 -100 10.106809016140293
900.0 -100 10.10112969272271
925.0 -100 10.095887487548154
950.0 -100 10.091039064220398
975.0000000000001 -100 10.086546279648855
1000.0 -100 10.082375461310978

25.0 -120 14.042390007432918
50.0 -120 13.554126287351423
75.0 -120 13.086807089527701
100.0 -120 12.650447273258516
125.0 -120 12.2573025230476
150.0 -120 11.91595014294077
175.0 -120 11.627407965357886
200.0 -120 11.38730803086288
225.0 -120 11.188953272123658
250.0 -120 11.025326531813407
275.0 -120 10.890055446268182
300.0 -120 10.777738998298588
325.0 -120 10.68396023735109
350.0 -120 10.605172605484569
375.0 -120 10.53855234253519
400.0 -120 10.481856914954877
425.0 -120 10.433303562096615
450.0 -120 10.39147048178337
475.0 -120 10.35521860339892
500.0 -120 10.323630521507804
525.0 -120 10.295963131211767
550.0 -120 10.271610959136805
575.0 -120 10.25007774671232
600.0 -120 10.230954366901686
625.0 -120 10.213901595216988
650.0 -120 10.198636605313578
675.0 -120 10.184922330228384
700.0 -120 10.172559036640372
725.0 -120 10.161369065829533
750.0 -120 10.151234211958538
775.0 -120 10.142005899929327
800.0 -120 10.133587186507462
825.0 -120 10.12588716613704
850.0 -120 10.118827195790645
875.0 -120 10.112338985504381
900.0 -120 10.106363022795364
925.0 -120 10.100847266754934
950.0 -120 10.095746060978662
975.0000000000001 -120 10.091019224759629
1000.0 -120 10.086631290359659

25.0 -140 14.315029965431556
50.0 -140 13.791674465805587
75.0 -140 13.290924398745904
100.0 -140 12.823550138424672
125.0 -140 12.402784067987437
150.0 -140 12.037828745018329
175.0 -140 11.72968604676347
200.0 -140 11.473560507145319
225.0 -140 11.262181448482071
250.0 -140 11.087967757013178
275.0 -140 10.944057314744697
300.0 -140 10.824648388344276
325.0 -140 10.725005728678953
350.0 -140 10.64133340389024
375.0 -140 10.57061322128252
400.0 -140 10.510450993681296
425.0 -140 10.458945264328898
450.0 -140 10.414580841852988
475.0 -140 10.376144717665861
500.0 -140 10.342660551913694
525.0 -140 10.313337936959249
550.0 -140 10.287533168092827
575.0 -140 10.264718875654257
600.0 -140 10.244460447375024
625.0 -140 10.226397648315354
650.0 -140 10.210230224381709
675.0 -140 10.19570656778042
700.0 -140 10.182614745175972
725.0 -140 10.170766357737671
750.0 -140 10.160035824291018
775.0 -140 10.150265789608914
800.0 -140 10.141353400461748
825.0 -140 10.13320228538282
850.0 -140 10.125729084002563
875.0 -140 10.118861418981426
900.0 -140 10.112536223000909
925.0 -140 10.106698352399702
950.0 -140 10.101299433341074
975.0000000000001 -140 10.096296897397627
1000.0 -140 10.09165317229687

25.0 -160 14.617792456461952
50.0 -160 14.056294291214044
75.0 -160 13.5190872612583
100.0 -160 13.017743735207004
125.0 -160 12.566558417211743
150.0 -160 12.17546711256884
175.0 -160 11.84551250126972
200.0 -160 11.571475100820573
225.0 -160 11.345483144873656
250.0 -160 11.15935193201165
275.0 -160 11.005688620997907
300.0 -160 10.87825343183203
325.0 -160 10.77196081809281
350.0 -160 10.682738909982753
375.0 -160 10.607353397066442
400.0 -160 10.543240878685152
425.0 -160 10.488367023417801
450.0 -160 10.441111798267475
475.0 -160 10.400178984335744
500.0 -160 10.36452577284722
525.0 -160 10.333308304208833
550.0 -160 10.305839599519304
575.0 -160 10.281557021552203
600.0 -160 10.259997029340765
625.0 -160 10.24077551011477
650.0 -160 10.223572382310296
675.0 -160 10.208119479096517
700.0 -160 10.194190961652492
725.0 -160 10.181586164115748
750.0 -160 10.170171132642952
775.0 -160 10.159778437371337
800.0 -160 10.150298485065
825.0 -160 10.141628653557454
850.0 -160 10.133680185111906
875.0 -160 10.126376023644612
900.0 -160 10.119649030945986
925.0 -160 10.113440508756897
950.0 -160 10.10769896895012
975.0000000000001 -160 10.102379105764689
1000.0 -160 10.097440933465021

25.0 -180 14.94982804242093
50.0 -180 14.347355748952975
75.0 -180 13.770851886784104
100.0 -180 13.232729684353705
125.0 -180 12.748427870026793
150.0 -180 12.328733273693873
175.0 -180 11.974797679432033
200.0 -180 11.680989622971378
225.0 -180 11.438814288523677
250.0 -180 11.23944717443646
275.0 -180 11.074925854323983
300.0 -180 10.938536482089244
325.0 -180 10.824812043985574
350.0 -180 10.729378701589505
375.0 -180 10.64876469111749
400.0 -180 10.580220071998008
425.0 -180 10.521563618169203
450.0 -180 10.471059112124317
475.0 -180 10.427317929149389
500.0 -180 10.389223311774884
525.0 -180 10.355871838725912
550.0 -180 10.326528242916064
575.0 -180 10.300590484454352
600.0 -180 10.277562666191974
625.0 -180 10.257033942240566
650.0 -180 10.238662013085564
675.0 -180 10.222160141753298
700.0 -180 10.207286884012653
725.0 -180 10.193827784626276
750.0 -180 10.181639522454498
775.0 -180 10.170543301936325
800.0 -180 10.160421961767646
825.0 -180 10.151165846060064
850.0 -180 10.142680121110411
875.0 -180 10.134882461891825
900.0 -180 10.127701144186497
925.0 -180 10.121073464102139
950.0 -180 10.114944423023916
975.0000000000001 -180 10.109265628765632
1000.0 -180 10.103994373670588

25.0 -200 15.310205355062347
50.0 -200 14.664164685390359
75.0 -200 14.045726664705363
100.0 -200 13.468176018196154
125.0 -200 12.94817177845364
150.0 -200 12.497479591142671
175.0 -200 12.117441104410291
200.0 -200 11.802034268987317
225.0 -200 11.542125347874332
250.0 -200 11.328217615659689
275.0 -200 11.151742541254285
300.0 -200 11.005477653837245
325.0 -200 10.883544227436591
350.0 -200 10.781241020575841
375.0 -200 10.694837871972132
400.0 -200 10.62138123634384
425.0 -200 10.558529150929658
450.0 -200 10.504417993867763
475.0 -200 10.457557625483403
500.0 -200 10.41674992138305
525.0 -200 10.3810258333322
550.0 -200 10.349596824584301
575.0 -200 10.321817341550018
600.0 -200 10.297155721441614
625.0 -200 10.275171543589716
650.0 -200 10.255497910456556
675.0 -200 10.237827511870954
700.0 -200 10.22190160450337
725.0 -200 10.207490426560987
750.0 -200 10.194440298058984
775.0 -200 10.18255977055542
800.0 -200 10.171723288802436
825.0 -200 10.161813382168623
850.0 -200 10.15272846400242
875.0 -200 10.144380351441031
900.0 -200 10.136692220248966
925.0 -200 10.129596910739611
950.0 -200 10.12303551835417
975.0000000000001 -200 10.116956216012452
1000.0 -200 10.11131326618757

25.0 -220 15.697915937346332
50.0 -220 15.00596560219097
75.0 -220 14.343173504905963
100.0 -220 13.723717771650106
125.0 -220 13.165546817552718
150.0 -220 12.681542895700842
175.0 -220 12.273331542896482
200.0 -220 11.934531658656367
225.0 -220 11.65536135641411
250.0 -220 11.425623415558505
275.0 -220 11.236109254960079
300.0 -220 11.079054829411021
325.0 -220 10.948140476391773
350.0 -220 10.838312775742343
375.0 -220 10.745562657502798
400.0 -220 10.666716196578285
425.0 -220 10.599257048654154
450.0 -220 10.541183104063368
475.0 -220 10.49089369492451
500.0 -220 10.447101980013572
525.0 -220 10.408767268250775
550.0 -220 10.375042807887173
575.0 -220 10.345235447372051
600.0 -220 10.318774368870487
625.0 -220 10.295186750439209
650.0 -220 10.274078728047161
675.0 -220 10.255120424208569
700.0 -220 10.238034109757734
725.0 -220 10.22257320491684
750.0 -220 10.208572682744437
775.0 -220 10.195827159039396
800.0 -220 10.184201861206319
825.0 -220 10.173570725053855
850.0 -220 10.163824735820025
875.0 -220 10.154869265373293
900.0 -220 10.146621876646782
925.0 -220 10.13901050500881
950.0 -220 10.131971945316465
975.0000000000001 -220 10.125450587825407
1000.0 -220 10.119397357762766

25.0 -240 16.11187953826161
50.0 -240 15.371944747365198
75.0 -240 14.6626093379512
100.0 -240 13.99895764622288
125.0 -240 13.400287289156715
150.0 -240 12.88074463583402
175.0 -240 12.442347084514898
200.0 -240 12.078396881036666
225.0 -240 11.778461939328682
250.0 -240 11.531620778989824
275.0 -240 11.327993625806558
300.0 -240 11.159243665660846
325.0 -240 11.018582190324834
350.0 -240 10.900579546036278
375.0 -240 10.800927717181926
400.0 -240 10.716215941316092
425.0 -240 10.64374006405055
450.0 -240 10.581348554269136
475.0 -240 10.527321307918191
500.0 -240 10.480275492157249
525.0 -240 10.4390928114717
550.0 -240 10.402863393530977
575.0 -240 10.370842434021972
600.0 -240 10.342416592712853
625.0 -240 10.317077836605726
650.0 -240 10.294402979471647
675.0 -240 10.27403759224163
700.0 -240 10.255683280852661
725.0 -240 10.239075142452021
750.0 -240 10.224035818786957
775.0 -240 10.210344711804323
800.0 -240 10.197857010857602
825.0 -240 10.186437281826517
850.0 -240 10.175968408643374
875.0 -240 10.166348732131071
900.0 -240 10.157489690891829
925.0 -240 10.14931386729294
950.0 -240 10.141753361890563
975.0000000000001 -240 10.134748435250538
1000.0 -240 10.128246368623964

25.0 -260 16.55094983389879
50.0 -260 15.761233496591087
75.0 -260 15.003407776672155
100.0 -260 14.293466748942476
125.0 -260 13.65210545993017
150.0 -260 13.09489104397419
175.0 -260 12.624355229927817
200.0 -260 12.233537544135574
225.0 -260 11.911361342956459
250.0 -260 11.646161973974515
275.0 -260 11.427360352973126
300.0 -260 11.246017601624457
325.0 -260 11.09484906540283
350.0 -260 10.968025584096932
375.0 -260 10.860920674560193
400.0 -260 10.769870624707421
425.0 -260 10.691970276901074
450.0 -260 10.624907907987419
475.0 -260 10.566835184481157
500.0 -260 10.516266088991179
525.0 -260 10.471998819171171
550.0 -260 10.433055519897385
575.0 -260 10.398635711419345
600.0 -260 10.368080187852245
625.0 -260 10.340842913592173
650.0 -260 10.316469038459717
675.0 -260 10.294577608274531
700.0 -260 10.274847893405106
725.0 -260 10.256995169748725
750.0 -260 10.240828767529695
775.0 -260 10.226111601926753
800.0 -260 10.212688006511254
825.0 -260 10.200412403549475
850.0 -260 10.189158904648696
875.0 -260 10.178818235554072
900.0 -260 10.169295200516794
925.0 -260 10.16050658204852
950.0 -260 10.15237939367341
975.0000000000001 -260 10.144849420076957
1000.0 -260 10.13785999249539

25.0 -280 17.013920541546902
50.0 -280 16.172912015692138
75.0 -280 15.364900940912035
100.0 -280 14.606785408090355
125.0 -280 13.92069193466311
150.0 -280 13.323773319825872
175.0 -280 12.819212987733877
200.0 -280 12.399853829464812
225.0 -280 12.053988467122851
250.0 -280 11.769195351664145
275.0 -280 11.534171217182783
300.0 -280 11.339347866875354
325.0 -280 11.176919100104096
350.0 -280 11.040633820142995
375.0 -280 10.92552811000739
400.0 -280 10.82766956838046
425.0 -280 10.743939095464693
450.0 -280 10.671854181705763
475.0 -280 10.609429594983029
500.0 -280 10.555069028963102
525.0 -280 10.507481336158632
550.0 -280 10.465615863380888
575.0 -280 10.428612467579619
600.0 -280 10.395762760038508
625.0 -280 10.366479930766946
650.0 -280 10.34027513897615
675.0 -280 10.31673894354917
700.0 -280 10.295526617651202
725.0 -280 10.276332125297158
750.0 -280 10.25895050940711
775.0 -280 10.243126931180027
800.0 -280 10.228694053851685
825.0 -280 10.215495385286385
850.0 -280 10.203395596113133
875.0 -280 10.192277214899411
900.0 -280 10.1820379030979
925.0 -280 10.172588197813242
950.0 -280 10.163849633889384
975.0000000000001 -280 10.155753174843046
1000.0 -280 10.148237896611754

25.0 -300 17.499531888257515
50.0 -300 16.60601319204877
75.0 -300 15.746381446261188
100.0 -300 14.938424067613484
125.0 -300 14.20571606575665
150.0 -300 13.567167831147502
175.0 -300 13.026766980386911
200.0 -300 12.577238551562045
225.0 -300 12.206266900335702
250.0 -300 11.900665368036275
275.0 -300 11.648385094567235
300.0 -300 11.439203490626246
325.0 -300 11.26476860136936
350.0 -300 11.118385866187811
375.0 -300 10.994735563667044
400.0 -300 10.889601263571759
425.0 -300 10.799637258013986
450.0 -300 10.722179846035468
475.0 -300 10.655098360989228
500.0 -300 10.596679198440762
525.0 -300 10.545536096369782
550.0 -300 10.500540838773976
575.0 -300 10.46076966889936
600.0 -300 10.425461726116607
625.0 -300 10.39398667553739
650.0 -300 10.365819375400028
675.0 -300 10.340519948357063
700.0 -300 10.31771801854796
725.0 -300 10.29708475556173
750.0 -300 10.278399944049864
775.0 -300 10.261389730091587
800.0 -300 10.245874295518627
825.0 -300 10.231685466131985
850.0 -300 10.218677805462187
875.0 -300 10.20672506487318
900.0 -300 10.195717256275604
925.0 -300 10.185558227224396
950.0 -300 10.176163643403891
975.0000000000001 -300 10.167459302853002
1000.0 -300 10.159379721719317

25.0 -320 18.006477389167078
50.0 -320 17.059526819397423
75.0 -320 16.147104556840095
100.0 -320 15.287864261881264
125.0 -320 14.506826399880149
150.0 -320 13.824836332356115
175.0 -320 13.246853559279694
200.0 -320 12.765577222548693
225.0 -320 12.368114957909496
250.0 -320 12.040512607389871
275.0 -320 11.769957971628974
300.0 -320 11.54555131156681
325.0 -320 11.358372191205541
350.0 -320 11.201262020599705
375.0 -320 11.068527538661487
400.0 -320 10.955653373412183
425.0 -320 10.859054834511404
450.0 -320 10.775876826940774
475.0 -320 10.70383485618215
500.0 -320 10.641091112402798
525.0 -320 10.586158523401782
550.0 -320 10.537826599679976
575.0 -320 10.49510406048777
600.0 -320 10.457174314283707
625.0 -320 10.42336077356653
650.0 -320 10.393099702663132
675.0 -320 10.365918852177549
700.0 -320 10.34142055588794
725.0 -320 10.319251715076344
750.0 -320 10.299175890336754
775.0 -320 10.280898958017719
800.0 -320 10.264227811175964
825.0 -320 10.248981829258849
850.0 -320 10.23500480529105
875.0 -320 10.22216113564911
900.0 -320 10.210332677780098
925.0 -320 10.199416147052602
950.0 -320 10.189320950758765
975.0000000000001 -320 10.179967378185177
1000.0 -320 10.171285082103969

25.0 -340 18.533410885505713
50.0 -340 17.532404016794548
75.0 -340 16.566290501022166
100.0 -340 15.654559672379909
125.0 -340 14.823651162720836
150.0 -340 14.096526201477168
175.0 -340 13.47929892921261
200.0 -340 12.964748121794003
225.0 -340 12.539445723065665
250.0 -340 12.188673807612156
275.0 -340 11.898842961354841
300.0 -340 11.658355988428113
325.0 -340 11.457702813800395
350.0 -340 11.289241272997575
375.0 -340 11.146887504525699
400.0 -340 11.025812735369383
425.0 -340 10.922181228370741
450.0 -340 10.832936507038637
475.0 -340 10.755632007341617
500.0 -340 10.688298915174773
525.0 -340 10.629343731066939
550.0 -340 10.577469038945715
575.0 -340 10.531612166504711
600.0 -340 10.490897564356402
625.0 -340 10.454599688968807
650.0 -340 10.422113936424548
675.0 -340 10.392933763817595
700.0 -340 10.366632584395532
725.0 -340 10.342831566542737
750.0 -340 10.321277086461674
775.0 -340 10.301653503181274
800.0 -340 10.283753617553778
825.0 -340 10.267383601949676
850.0 -340 10.252375818422756
875.0 -340 10.238584732916056
900.0 -340 10.225883545459725
925.0 -340 10.214161398206342
950.0 -340 10.203321052170681
975.0000000000001 -340 10.193276945724088
1000.0 -340 10.183953565591333

25.0 -360 19.078953786624368
50.0 -360 18.023561858815697
75.0 -360 17.003126947717185
100.0 -360 16.03793726765855
125.0 -360 15.1557987827976
150.0 -360 14.381970695806087
175.0 -360 13.723919282416446
200.0 -360 13.174622370794065
225.0 -360 12.720167091013247
250.0 -360 12.345081887277063
275.0 -360 12.034990320451696
300.0 -360 11.777580011278946
325.0 -360 11.562731743140134
350.0 -360 11.382301309477702
375.0 -360 11.229797900880051
400.0 -360 11.100065363889549
425.0 -360 10.989005178389355
450.0 -360 10.893349727018986
475.0 -360 10.810482295392458
500.0 -360 10.738296381240392
525.0 -360 10.675086524022385
550.0 -360 10.619463789134379
575.0 -360 10.57029029053038
600.0 -360 10.526628328065136
625.0 -360 10.487700724559353
650.0 -360 10.452859753263372
675.0 -360 10.421562671553913
700.0 -360 10.393352353863373
725.0 -360 10.367822780907723
750.0 -360 10.344702190036816
775.0 -360 10.323652182758412
800.0 -360 10.304450668507137
825.0 -360 10.286889855672328
850.0 -360 10.270790017922659
875.0 -360 10.255995117898484
900.0 -360 10.242369197308435
925.0 -360 10.229793385776526
950.0 -360 10.218163411569705
975.0000000000001 -360 10.207387521170789
1000.0 -360 10.197384733575072

25.0 -380 19.64170245565868
50.0 -380 18.531888190044963
75.0 -380 17.456771639395953
100.0 -380 16.43739852750007
125.0 -380 15.502858455190497
150.0 -380 14.680889226789828
175.0 -380 13.980520942319998
200.0 -380 13.395064013323825
225.0 -380 12.910181816057321
250.0 -380 12.509665974548014
275.0 -380 12.17834746774001
300.0 -380 11.903183713590373
325.0 -380 11.673428591089056
350.0 -380 11.480418518197924
375.0 -380 11.317240141344811
400.0 -380 11.178396453183824
425.0 -380 11.05951476075659
450.0 -380 10.957106787138104
475.0 -380 10.868377756528446
500.0 -380 10.791076916060419
525.0 -380 10.723381398397615
550.0 -380 10.663806223031434
575.0 -380 10.611134515951756
600.0 -380 10.564363269352423
625.0 -380 10.52266102208728
650.0 -380 10.485334690873755
675.0 -380 10.451803443296654
700.0 -380 10.421578009267106
725.0 -380 10.394223737495336
750.0 -380 10.369449778161043
775.0 -380 10.346893742943521
800.0 -380 10.326317855076544
825.0 -380 10.307499606091143
850.0 -380 10.290246527162909
875.0 -380 10.274391507395213
900.0 -380 10.259788931491286
925.0 -380 10.246311479042246
950.0 -380 10.233847460605816
975.0000000000001 -380 10.222298591049592
1000.0 -380 10.211578121020004

