25.0 0 16.208599838119504
50.0 0 14.991757529926486
75.0 0 13.926592335802518
100.0 0 13.056732512862014
125.0 0 12.39089602074402
150.0 0 11.895204340897697
175.0 0 11.52720321524393
200.0 0 11.251328948814345
225.0 0 11.0413850562317
250.0 0 10.878927992274575
275.0 0 10.75111921146678
300.0 0 10.648986865096846
325.0 0 10.566192132996472
350.0 0 10.498192972621476
375.0 0 10.44168492128064
400.0 0 10.39422681377807
425.0 0 10.353988260255214
450.0 0 10.319577312338353
475.0 0 10.289921307686871
500.0 0 10.264183349258818
525.0 0 10.24170295384873
550.0 0 10.22195330510284
575.0 0 10.204510063622719
600.0 0 10.189028325271245
625.0 0 10.175225397165573
650.0 0 10.162867777984928
675.0 0 10.151761212312548
700.0 0 10.14174301765369
725.0 0 10.132669771161861
750.0 0 10.124444308203266
775.0 0 10.116948621375174
800.0 0 10.110104277959083
825.0 0 10.103838343328098
850.0 0 10.098087789382184
875.0 0 10.092797922670096
900.0 0 10.087921096397746
925.0 0 10.083415649062927
950.0 0 10.079245025251968
975.0000000000001 0 10.075377043559282
1000.0 0 10.071783284167424

25.0 -20 15.718700308206898
50.0 -20 14.600686543302974
75.0 -20 13.624488567032305
100.0 -20 12.828887262132993
125.0 -20 12.220211941108577
150.0 -20 11.76683002242331
175.0 -20 11.429801103117203
200.0 -20 11.176660266916418
225.0 -20 10.983546363918162
250.0 -20 10.833682678727323
275.0 -20 10.71540174926161
300.0 -20 10.620555096964589
325.0 -20 10.543387378521844
350.0 -20 10.479774495882484
375.0 -20 10.426714842540097
400.0 -20 10.381989234266923
425.0 -20 10.343931761101862
450.0 -20 10.311273592086375
475.0 -20 10.283035094396423
500.0 -20 10.258450283082434
525.0 -20 10.236913169110734
550.0 -20 10.217939132198435
575.0 -20 10.201136739025786
600.0 -20 10.186186918526069
625.0 -20 10.17282738613422
650.0 -20 10.16084085943029
675.0 -20 10.150046045390928
700.0 -20 10.140290676969785
725.0 -20 10.131439130176773
750.0 -20 10.12340290575988
775.0 -20 10.116067723741562
800.0 -20 10.109360322805095
825.0 -20 10.103211517523484
850.0 -20 10.097561375933994
875.0 -20 10.092357771397994
900.0 -20 10.087555193039924
925.0 -20 10.08311376310912
950.0 -20 10.078998420933932
975.0000000000001 -20 10.075178241797607
1000.0 -20 10.071625865783865

25.0 -40 15.255062140396705
50.0 -40 14.233319164786742
75.0 -40 13.343080652434885
100.0 -40 12.618652503193578
125.0 -40 12.064447476961504
150.0 -40 11.651190661812262
175.0 -40 11.343394508679292
200.0 -40 11.111596838093696
225.0 -40 10.934186918963892
250.0 -40 10.795989847280316
275.0 -40 10.686461814051377
300.0 -40 10.598243529421714
325.0 -40 10.526138375357924
350.0 -40 10.466422031995808
375.0 -40 10.416382175420763
400.0 -40 10.374011258635013
425.0 -40 10.337799811266079
450.0 -40 10.306595751101753
475.0 -40 10.279507342758745
500.0 -40 10.255835314389103
525.0 -40 10.235024689979236
550.0 -40 10.216630126647432
575.0 -40 10.200290626559347
600.0 -40 10.185710843562337
625.0 -40 10.172647090120567
650.0 -40 10.16089673742413
675.0 -40 10.150290095337185
700.0 -40 10.1406841262817
725.0 -40 10.13194981324504
750.0 -40 10.124006869710055
775.0 -40 10.116743478674847
800.0 -40 10.110090992405507
825.0 -40 10.103983344342614
850.0 -40 10.098363138595763
875.0 -40 10.093180316521495
900.0 -40 10.088391057945909
925.0 -40 10.083956870618477
950.0 -40 10.07984383168509
975.0000000000001 -40 10.07602195259284
1000.0 -40 10.07246464493798

25.0 -60 14.818898193718613
50.0 -60 13.890388426090249
75.0 -60 13.082774042432254
100.0 -60 12.426250731662723
125.0 -60 11.923728251540108
150.0 -60 11.548359731096195
175.0 -60 11.268027844177851
200.0 -60 11.056166265999455
225.0 -60 10.893324256581753
250.0 -60 10.765860814442648
275.0 -60 10.6643067813367
300.0 -60 10.582056987654559
325.0 -60 10.514448270934482
350.0 -60 10.458137610849981
375.0 -60 10.41068819891902
400.0 -60 10.37029365873763
425.0 -60 10.335592839598842
450.0 -60 10.305543986834488
475.0 -60 10.279338095305492
500.0 -60 10.256338383476072
525.0 -60 10.236037390938426
550.0 -60 10.21802612227085
575.0 -60 10.201971536779425
600.0 -60 10.187599899581663
625.0 -60 10.174684305081211
650.0 -60 10.163035210108967
675.0 -60 10.152493166019216
700.0 -60 10.142923177417725
725.0 -60 10.134201641674258
750.0 -60 10.126256031051563
775.0 -60 10.11897572730351
800.0 -60 10.112296137934976
825.0 -60 10.106153684738409
850.0 -60 10.100492947685286
875.0 -60 10.095265437257714
900.0 -60 10.090428578712093
925.0 -60 10.085944867047814
950.0 -60 10.08178116029403
975.0000000000001 -60 10.07790808555121
1000.0 -60 10.074299537562448

25.0 -80 14.411326104393382
50.0 -80 13.572560646657209
75.0 -80 12.84393194991457
100.0 -80 12.251878021392685
125.0 -80 11.798162668694276
150.0 -80 11.458398888079698
175.0 -80 11.203737020243356
200.0 -80 11.010389787919737
225.0 -80 10.86097099128285
250.0 -80 10.743302998742324
275.0 -80 10.648940879540076
300.0 -80 10.571997718129571
325.0 -80 10.508318074788011
350.0 -80 10.454921473068937
375.0 -80 10.409632682759915
400.0 -80 10.37083592482777
425.0 -80 10.337310180328114
450.0 -80 10.308117556986092
475.0 -80 10.28252658399973
500.0 -80 10.259958728484673
525.0 -80 10.239950535768994
550.0 -80 10.222126419762525
575.0 -80 10.2061788131422
600.0 -80 10.191853475164532
625.0 -80 10.178938464841835
650.0 -80 10.167255755272414
675.0 -80 10.156654777063311
700.0 -80 10.147007389285834
725.0 -80 10.138194211286097
750.0 -80 10.130150018901595
775.0 -80 10.12276412970619
800.0 -80 10.11597544780677
825.0 -80 10.10972225298456
850.0 -80 10.103950541057369
875.0 -80 10.098612892921084
900.0 -80 10.093667534183044
925.0 -80 10.08907754900111
950.0 -80 10.084810219522934
975.0000000000001 -80 10.080836468133638
1000.0 -80 10.077130384506653

25.0 -100 14.033363430810477
50.0 -100 13.280433782321948
75.0 -100 12.626874868772413
100.0 -100 12.095703858043565
125.0 -100 11.687841847186169
150.0 -100 11.381357948726803
175.0 -100 11.150549434219194
200.0 -100 10.974282270201888
225.0 -100 10.83713481561471
250.0 -100 10.728319920968973
275.0 -100 10.640365190903838
300.0 -100 10.568065389751636
325.0 -100 10.507746659777094
350.0 -100 10.456772071164583
375.0 -100 10.413213888424435
400.0 -100 10.375636266466865
425.0 -100 10.342950073858537
450.0 -100 10.314314780201189
475.0 -100 10.289071230820513
500.0 -100 10.266694885894362
525.0 -100 10.24676277799366
550.0 -100 10.228929787031316
575.0 -100 10.21291133231771
600.0 -100 10.19847054854687
625.0 -100 10.185408641319963
650.0 -100 10.173557530523828
675.0 -100 10.162774164014337
700.0 -100 10.152936068004493
725.0 -100 10.143926892547885
750.0 -100 10.135688260618018
775.0 -100 10.12810816500245
800.0 -100 10.121128447748477
825.0 -100 10.114688616755572
850.0 -100 10.108735524152932
875.0 -100 10.103222322976153
900.0 -100 10.098107594481805
925.0 -100 10.093354614270673
950.0 -100 10.088930732151427
975.0000000000001 -100 10.08480684570333
1000.0 -100 10.080956951576663

25.0 -120 13.685923568004437
50.0 -120 13.01453609612731
75.0 -120 12.43188020362819
100.0 -120 11.957871017086827
125.0 -120 11.592839576293006
150.0 -120 11.317274871447502
175.0 -120 11.108483965977939
200.0 -120 10.94785220883187
225.0 -120 10.821818502581682
250.0 -120 10.720911207196993
275.0 -120 10.63857765453536
300.0 -120 10.57025709666799
325.0 -120 10.512730764563438
350.0 -120 10.463686071669798
375.0 -120 10.42142857100809
400.0 -120 10.384691614078084
425.0 -120 10.352509668105355
450.0 -120 10.32413303716755
475.0 -120 10.298969648704007
500.0 -120 10.27654469130702
525.0 -120 10.25647216152106
550.0 -120 10.23843445976439
575.0 -120 10.222167504658865
600.0 -120 10.207449687999402
625.0 -120 10.194093544855798
650.0 -120 10.181939373584013
675.0 -120 10.170850278574807
700.0 -120 10.160708267124846
725.0 -120 10.151398830735133
750.0 -120 10.142869981926836
775.0 -120 10.13500713148591
800.0 -120 10.127754500896822
825.0 -120 10.121052197209014
850.0 -120 10.114847370071153
875.0 -120 10.109093247090076
900.0 -120 10.1037483210862
925.0 -120 10.098775661896788
950.0 -120 10.094142331017869
975.0000000000001 -120 10.089818881570457
1000.0 -120 10.085778929568788

25.0 -140 13.369812412689807
50.0 -140 12.775325135150714
75.0 -140 12.259182005850946
100.0 -140 11.83849548490692
125.0 -140 11.51321229235231
150.0 -140 11.266175753201738
175.0 -140 11.077550981210509
200.0 -140 10.931101735085925
225.0 -140 10.81501991172794
250.0 -140 10.721072594503175
275.0 -140 10.643573071514806
300.0 -140 10.57856736269974
325.0 -140 10.523264997380057
350.0 -140 10.475658358342598
375.0 -140 10.434271981862297
400.0 -140 10.397997621182137
425.0 -140 10.365985020312836
450.0 -140 10.337568772162044
475.0 -140 10.312218642806737
500.0 -140 10.289505280514032
525.0 -140 10.269076121538799
550.0 -140 10.25063814216871
575.0 -140 10.233945274824768
600.0 -140 10.218789052359353
625.0 -140 10.204991524654085
650.0 -140 10.192399802669488
675.0 -140 10.180881788908087
700.0 -140 10.170322787889381
725.0 -140 10.160608946187539
750.0 -140 10.151694207147312
775.0 -140 10.143460146785898
800.0 -140 10.135852807970542
825.0 -140 10.128812269119528
850.0 -140 10.12228541970496
875.0 -140 10.11622506525787
900.0 -140 10.110589166894448
925.0 -140 10.105340192221673
950.0 -140 10.100444559086757
975.0000000000001 -140 10.095872157025214
1000.0 -140 10.09159593430645

25.0 -160 13.08572575300423
50.0 -160 12.56318699707874
75.0 -160 12.108970811335928
100.0 -160 11.737666421773252
125.0 -160 11.44899907581442
150.0 -160 11.228074837252317
175.0 -160 11.057752342084026
200.0 -160 10.924026626243151
225.0 -160 10.816731998893594
250.0 -160 10.72879593946481
275.0 -160 10.655343112091135
300.0 -160 10.592988147381481
325.0 -160 10.539341841058649
350.0 -160 10.492682036314527
375.0 -160 10.451737872058755
400.0 -160 10.415548667234788
425.0 -160 10.383371099445782
450.0 -160 10.354617495011691
475.0 -160 10.328814212155855
500.0 -160 10.305573090846218
525.0 -160 10.28457148565366
550.0 -160 10.265538007907498
575.0 -160 10.24824212255481
600.0 -160 10.232486391681498
625.0 -160 10.218100569342255
650.0 -160 10.20493701694163
675.0 -160 10.192867080061129
700.0 -160 10.181778179558028
725.0 -160 10.171555934547055
750.0 -160 10.162159759409244
775.0 -160 10.153466148086961
800.0 -160 10.145422407429209
825.0 -160 10.13796796103239
850.0 -160 10.131048881850814
875.0 -160 10.12461705788806
900.0 -160 10.118629476334975
925.0 -160 10.113047607003043
950.0 -160 10.107836869518461
975.0000000000001 -160 10.102966171418908
1000.0 -160 10.098407506719827

25.0 -180 12.834247352468095
50.0 -180 12.3784358708613
75.0 -180 11.981393575786967
100.0 -180 11.655446165632457
125.0 -180 11.400221668538475
150.0 -180 11.202974532424072
175.0 -180 11.04908142521914
200.0 -180 10.926616321329321
225.0 -180 10.826942829574064
250.0 -180 10.7440692293396
275.0 -180 10.673876324993547
300.0 -180 10.613508853626994
325.0 -180 10.560951659358263
350.0 -180 10.514748437294665
375.0 -180 10.473818496657286
400.0 -180 10.437337861155116
425.0 -180 10.404661789063173
450.0 -180 10.37527378346773
475.0 -180 10.34875155158575
500.0 -180 10.324743862801249
525.0 -180 10.302954475219558
550.0 -180 10.28313070123668
575.0 -180 10.265055063629303
600.0 -180 10.248539048043781
625.0 -180 10.233418307634548
650.0 -180 10.219548897080616
675.0 -180 10.206804254416125
700.0 -180 10.19507273983161
725.0 -180 10.184238267150171
750.0 -180 10.174265260954964
775.0 -180 10.165023892363612
800.0 -180 10.156462175697898
825.0 -180 10.148518255444337
850.0 -180 10.141136833376716
875.0 -180 10.134268385961734
900.0 -180 10.127868485490183
925.0 -180 10.121897209495906
950.0 -180 10.116318625770585
975.0000000000001 -180 10.111100342252458
1000.0 -180 10.106213112895404

25.0 -200 12.615847694796239
50.0 -200 12.221313836522516
75.0 -200 11.876553703803923
100.0 -200 11.591870275765713
125.0 -200 11.366884511025003
150.0 -200 11.190865443839018
175.0 -200 11.051523146963902
200.0 -200 10.938853941854225
225.0 -200 10.845635595919289
250.0 -200 10.766876595959026
275.0 -200 10.699158148746003
300.0 -200 10.640116337002121
325.0 -200 10.588082704516236
350.0 -200 10.54184712576018
375.0 -200 10.500504619765943
400.0 -200 10.463357045460892
425.0 -200 10.429849890727287
450.0 -200 10.399531286006793
475.0 -200 10.372025054083306
500.0 -200 10.347012641964943
525.0 -200 10.324220706941976
550.0 -200 10.303412338312926
575.0 -200 10.284380650960754
600.0 -200 10.266943956448038
625.0 -200 10.250942009096441
650.0 -200 10.236233005930554
675.0 -200 10.222691132244485
700.0 -200 10.210204515307378
725.0 -200 10.198654191394356
750.0 -200 10.188009133483092
775.0 -200 10.178131956689814
800.0 -200 10.168970827409913
825.0 -200 10.160461989025654
850.0 -200 10.152548219408553
875.0 -200 10.145178091184206
900.0 -200 10.138305322230222
925.0 -200 10.131888204583264
950.0 -200 10.125889101691987
975.0000000000001 -200 10.120274005247433
1000.0 -200 10.115012144170935

25.0 -220 12.430883355143596
50.0 -220 12.091990910405208
75.0 -220 11.794511168382037
100.0 -220 11.54694761548686
125.0 -220 11.348974799348179
150.0 -220 11.19172641495467
175.0 -220 11.065053995892749
200.0 -220 10.96071631752987
225.0 -220 10.87278863731344
250.0 -220 10.797198332314041
275.0 -220 10.73117092509784
300.0 -220 10.672794916590792
325.0 -220 10.620721126094724
350.0 -220 10.573965906131411
375.0 -220 10.531785520397115
400.0 -220 10.493596801063118
425.0 -220 10.458927127936835
450.0 -220 10.427382725065376
475.0 -220 10.398628313413704
500.0 -220 10.372373781193469
525.0 -220 10.348365194689329
550.0 -220 10.326378508705952
575.0 -220 10.306214975851221
600.0 -220 10.28769764589599
625.0 -220 10.270668585042658
650.0 -220 10.25498658924297
675.0 -220 10.240525252351492
700.0 -220 10.22717130200578
725.0 -220 10.214801731197499
750.0 -220 10.203389598530043
775.0 -220 10.192788738549769
800.0 -220 10.182946915695613
825.0 -220 10.173797852849404
850.0 -220 10.165281853540248
875.0 -220 10.15734509616837
900.0 -220 10.149939006366278
925.0 -220 10.143019698913388
950.0 -220 10.136547481656356
975.0000000000001 -220 10.130486414464563
1000.0 -220 10.124803917218676

25.0 -240 12.279596963645158
50.0 -240 11.99056532334733
75.0 -240 11.73528271802364
100.0 -240 11.520660473262298
125.0 -240 11.346462561627916
150.0 -240 11.205524580883223
175.0 -240 11.089642072508676
200.0 -240 10.99217401691963
225.0 -240 10.908375464532599
250.0 -240 10.835010911805838
275.0 -240 10.769893914476246
300.0 -240 10.711526387449242
325.0 -240 10.658850981040146
350.0 -240 10.611090830949255
375.0 -240 10.567648999125575
400.0 -240 10.528046452690965
425.0 -240 10.491884150540171
450.0 -240 10.45881990066984
475.0 -240 10.42855412713015
500.0 -240 10.40082094308685
525.0 -240 10.375382351540352
550.0 -240 10.352024277109319
575.0 -240 10.330553669413266
600.0 -240 10.310796240549339
625.0 -240 10.292594589517833
650.0 -240 10.275806576516956
675.0 -240 10.260303872760979
700.0 -240 10.245970645982407
725.0 -240 10.232678687508738
750.0 -240 10.220404677905988
775.0 -240 10.208992456223193
800.0 -240 10.198388832496388
825.0 -240 10.188524392688219
850.0 -240 10.179336418066338
875.0 -240 10.170768204637527
900.0 -240 10.162768449838326
925.0 -240 10.1552907010573
950.0 -240 10.148292860681153
975.0000000000001 -240 10.141736742426723
1000.0 -240 10.135587674155385

25.0 -260 12.162117728432518
50.0 -260 11.917064020918975
75.0 -260 11.698842169097999
100.0 -260 11.512964721692201
125.0 -260 11.359300753862883
150.0 -260 11.23221543292254
175.0 -260 11.12524713607136
200.0 -260 11.033191383012838
225.0 -260 10.952364787445738
250.0 -260 10.880287010142444
275.0 -260 10.815303313445822
300.0 -260 10.7562900346448
325.0 -260 10.702454245020432
350.0 -260 10.653206210046058
375.0 -260 10.608081385523926
400.0 -260 10.566694074944714
425.0 -260 10.528710539716108
450.0 -260 10.493833694493762
475.0 -260 10.461794499903398
500.0 -260 10.43234710274222
525.0 -260 10.405265992051017
550.0 -260 10.380344185212973
575.0 -260 10.357391904130315
600.0 -260 10.336235461063865
625.0 -260 10.316716220406184
650.0 -260 10.298689581925247
675.0 -260 10.282023971505794
700.0 -260 10.266599843976659
725.0 -260 10.252282638863463
750.0 -260 10.239052194169117
775.0 -260 10.226741149189202
800.0 -260 10.215294808918815
825.0 -260 10.204640009293673
850.0 -260 10.194710464248985
875.0 -260 10.185446101651058
900.0 -260 10.176792456902183
925.0 -260 10.168700121666655
950.0 -260 10.161124244585642
975.0000000000001 -260 10.154024080233285
1000.0 -260 10.1473625826521

25.0 -280 12.078462487725805
50.0 -280 11.871443376248685
75.0 -280 11.685120781511385
100.0 -280 11.523790013989927
125.0 -280 11.387425375038857
150.0 -280 11.271742894223893
175.0 -280 11.171820658596657
200.0 -280 11.083726573681554
225.0 -280 11.004720546255646
250.0 -280 10.932995529898614
275.0 -280 10.86737227422811
300.0 -280 10.807062648855602
325.0 -280 10.751510824956403
350.0 -280 10.700294620669382
375.0 -280 10.653067546378056
400.0 -280 10.609526498987492
425.0 -280 10.569394813396048
450.0 -280 10.532414074318977
475.0 -280 10.498340647184547
500.0 -280 10.466944550764635
525.0 -280 10.438009334762292
550.0 -280 10.411332253782463
575.0 -280 10.386724395597414
600.0 -280 10.364010626012849
625.0 -280 10.343029320633056
650.0 -280 10.323631905324861
675.0 -280 10.305682247490383
700.0 -280 10.289055944150043
725.0 -280 10.273610942005472
750.0 -280 10.259329771159862
775.0 -280 10.246032678575354
800.0 -280 10.233662915620677
825.0 -280 10.222142958743808
850.0 -280 10.211402412598439
875.0 -280 10.201377353866551
900.0 -280 10.192009724356062
925.0 -280 10.183246773681274
950.0 -280 10.175040550161263
975.0000000000001 -280 10.167347437715026
1000.0 -280 10.160127736062426

25.0 -300 12.028537263149579
50.0 -300 11.853590107669618
75.0 -300 11.69400771634258
100.0 -300 11.553040017724774
125.0 -300 11.43075560147204
150.0 -300 11.324039406632078
175.0 -300 11.229305885902626
200.0 -300 11.143731607001682
225.0 -300 11.065401946242291
250.0 -300 10.993101627667045
275.0 -300 10.926070926192923
300.0 -300 10.86381854352728
325.0 -300 10.805998572806082
350.0 -300 10.75233691859658
375.0 -300 10.70259089467536
400.0 -300 10.656529319844363
425.0 -300 10.613924432246257
450.0 -300 10.574550098916523
475.0 -300 10.538182999212454
500.0 -300 10.504604896574351
525.0 -300 10.473605004909157
550.0 -300 10.44498198491188
575.0 -300 10.418545404398271
600.0 -300 10.394116653474963
625.0 -300 10.371529379486551
650.0 -300 10.350629533373981
675.0 -300 10.331275121427485
700.0 -300 10.313335746868752
725.0 -300 10.296660732558324
750.0 -300 10.281234834566638
775.0 -300 10.266864727652115
800.0 -300 10.25349106323093
825.0 -300 10.241031352790827
850.0 -300 10.229410553190972
875.0 -300 10.218560409777954
900.0 -300 10.208418841762544
925.0 -300 10.198929372517018
950.0 -300 10.190040605334437
975.0000000000001 -300 10.181705743583816
1000.0 -300 10.173882153554628

25.0 -320 12.012139289707376
50.0 -320 11.863322394835498
75.0 -320 11.725350574406875
100.0 -320 11.600592685685045
125.0 -320 11.489193940340204
150.0 -320 11.389026028572822
175.0 -320 11.29763790576418
200.0 -320 11.21315241141785
225.0 -320 11.134363495984216
250.0 -320 11.060566743820853
275.0 -320 10.991366399325939
300.0 -320 10.92652957357012
325.0 -320 10.865893300547036
350.0 -320 10.809312250201847
375.0 -320 10.756633399378064
400.0 -320 10.707686904330915
425.0 -320 10.662285806109177
450.0 -320 10.62022992332128
475.0 -320 10.581311205340903
500.0 -320 10.545319071975985
525.0 -320 10.512045037392527
550.0 -320 10.481286364483452
575.0 -320 10.452848738125962
600.0 -320 10.426548062723613
625.0 -320 10.402211534044532
650.0 -320 10.379678140719513
675.0 -320 10.358798736829957
700.0 -320 10.33943580556878
725.0 -320 10.321428925744637
750.0 -320 10.304764612546336
775.0 -320 10.289234802355306
800.0 -320 10.27477700280257
825.0 -320 10.261303159273128
850.0 -320 10.248733045998012
875.0 -320 10.23699360004229
900.0 -320 10.22601829170266
925.0 -320 10.215746536289757
950.0 -320 10.206123149367494
975.0000000000001 -320 10.197097845609642
1000.0 -320 10.188624780262474

25.0 -340 12.028959500705826
50.0 -340 11.900391188471607
75.0 -340 11.77895601525998
100.0 -340 11.666300563884937
125.0 -340 11.562626402414727
150.0 -340 11.466612544094339
175.0 -340 11.376743723078887
200.0 -340 11.291928880707887
225.0 -340 11.211555049048572
250.0 -340 11.13534863484595
275.0 -340 11.06322284971007
300.0 -340 10.995165155582617
325.0 -340 10.931168796357449
350.0 -340 10.87119806547632
375.0 -340 10.815175595937577
400.0 -340 10.762982399591307
425.0 -340 10.714464300967359
450.0 -340 10.669440804521916
475.0 -340 10.627714138713475
500.0 -340 10.589077334982761
525.0 -340 10.553320879933331
550.0 -340 10.520237864784745
575.0 -340 10.489627753598203
600.0 -340 10.461298976055888
625.0 -340 10.4350705706991
650.0 -340 10.410773091296463
675.0 -340 10.388248961120759
700.0 -340 10.367352427660729
725.0 -340 10.347912217177587
750.0 -340 10.329916136397355
775.0 -340 10.313140231867413
800.0 -340 10.297518326304402
825.0 -340 10.282956202511881
850.0 -340 10.269367921258604
875.0 -340 10.25667513777089
900.0 -340 10.244806450061755
925.0 -340 10.233696786050263
950.0 -340 10.223286833060302
975.0000000000001 -340 10.213522510785173
1000.0 -340 10.204354487447157

25.0 -360 12.078585448869463
50.0 -360 11.9644817102071
75.0 -360 11.854590456415819
100.0 -360 11.749991136818359
125.0 -360 11.65092269409543
150.0 -360 11.556697582967717
175.0 -360 11.466542342075593
200.0 -360 11.379994933736883
225.0 -360 11.296921849110158
250.0 -360 11.217401408237567
275.0 -360 11.141601486890298
300.0 -360 11.069692289590972
325.0 -360 11.001796841985929
350.0 -360 10.937970131989617
375.0 -360 10.878196597568085
400.0 -360 10.8223977422503
425.0 -360 10.770444246386678
450.0 -360 10.72216910753265
475.0 -360 10.677379901231737
500.0 -360 10.635869273932478
525.0 -360 10.597423396469516
550.0 -360 10.561828447324762
575.0 -360 10.528875359165397
600.0 -360 10.498363120744289
625.0 -360 10.470100926791012
650.0 -360 10.443909439688701
675.0 -360 10.419621386780246
700.0 -360 10.39708167552873
725.0 -360 10.3761070836762
750.0 -360 10.356686241265418
775.0 -360 10.338578169206674
800.0 -360 10.321712467132302
825.0 -360 10.305988163772657
850.0 -360 10.29131307985609
875.0 -360 10.277603118873685
900.0 -360 10.264781586298243
925.0 -360 10.252778546042505
950.0 -360 10.241530218975505
975.0000000000001 -360 10.23097842553052
1000.0 -360 10.22107007265067

25.0 -380 12.16050464726559
50.0 -380 12.055215140000971
75.0 -380 11.951980852990673
100.0 -380 11.851467210181369
125.0 -380 11.753936428769814
150.0 -380 11.65916875191718
175.0 -380 11.566944855543039
200.0 -380 11.477278578966818
225.0 -380 11.390404578465734
250.0 -380 11.306675559919734
275.0 -380 11.226460603218843
300.0 -380 11.150075582280367
325.0 -380 11.07774723130828
350.0 -380 11.00960254979328
375.0 -380 10.945674107280814
400.0 -380 10.885913668132803
425.0 -380 10.830208943433826
450.0 -380 10.778400311878997
475.0 -380 10.730295828878939
500.0 -380 10.685683811859564
525.0 -380 10.64434287075584
550.0 -380 10.606049565822468
575.0 -380 10.570584017222618
600.0 -380 10.537733831116794
625.0 -380 10.507296692359583
650.0 -380 10.479081932598477
675.0 -380 10.45291133257522
700.0 -380 10.42861936756276
725.0 -380 10.406009784171557
750.0 -380 10.385071566891778
775.0 -380 10.365545591898229
800.0 -380 10.34735670067691
825.0 -380 10.33039658174189
850.0 -380 10.31456629373623
875.0 -380 10.299775522405604
900.0 -380 10.285941863775129
925.0 -380 10.272990143969688
950.0 -380 10.260851781668284
975.0000000000001 -380 10.249464195895703
1000.0 -380 10.238770259897912

25.0 -400 12.274108315543353
50.0 -400 12.172150489630805
75.0 -400 12.070815558205632
100.0 -400 11.970507331345656
125.0 -400 11.871505357637494
150.0 -400 11.773902776983185
175.0 -400 11.67785454101812
200.0 -400 11.583701983698045
225.0 -400 11.491939409948808
250.0 -400 11.403118014163159
275.0 -400 11.317755605086825
300.0 -400 11.236277271702797
325.0 -400 11.158987790033637
350.0 -400 11.086067767224627
375.0 -400 11.017584430629835
400.0 -400 10.953509722633946
425.0 -400 10.8937406730975
450.0 -400 10.838119018473027
475.0 -400 10.786448497351177
500.0 -400 10.738509211121487
525.0 -400 10.6940690102062
550.0 -400 10.652892169379912
575.0 -400 10.614745746831575
600.0 -400 10.579404050759038
625.0 -400 10.546651611979943
650.0 -400 10.516285010415492
675.0 -400 10.488113844882346
700.0 -400 10.461961079273637
725.0 -400 10.437616360633555
750.0 -400 10.41506855843059
775.0 -400 10.394039302630862
800.0 -400 10.374448144906205
825.0 -400 10.356178853023499
850.0 -400 10.339125206340531
875.0 -400 10.323190210958431
900.0 -400 10.30828534006738
925.0 -400 10.294329811273727
950.0 -400 10.281249907939388
975.0000000000001 -400 10.26897834778099
1000.0 -400 10.257453699866172

25.0 -420 12.418695518086587
50.0 -420 12.314786661316756
75.0 -420 12.210745265410369
100.0 -420 12.106866247945455
125.0 -420 12.003451620129733
150.0 -420 11.900765657017315
175.0 -420 11.799166963973613
200.0 -420 11.699181548016723
225.0 -420 11.60145806217897
250.0 -420 11.50667216600945
275.0 -420 11.415439046040824
300.0 -420 11.328257253458565
325.0 -420 11.245484396555392
350.0 -420 11.167336597658753
375.0 -420 11.093902489205968
400.0 -420 11.025164271623703
425.0 -420 10.96102070518138
450.0 -420 10.901308956850318
475.0 -420 10.845823727996299
500.0 -420 10.79433307829165
525.0 -420 10.746590949923414
550.0 -420 10.702346705832579
575.0 -420 10.661352126523315
600.0 -420 10.623366334832125
625.0 -420 10.588159086716297
650.0 -420 10.555512808821382
675.0 -420 10.52522369907031
700.0 -420 10.497102144465764
725.0 -420 10.470922639060168
750.0 -420 10.44667346728437
775.0 -420 10.424055930009711
800.0 -420 10.402983760977136
825.0 -420 10.38333223268583
850.0 -420 10.364987333067347
875.0 -420 10.34784493104719
900.0 -420 10.33180996731587
925.0 -420 10.316795683449813
950.0 -420 10.302722897100153
975.0000000000001 -420 10.289519327150591
1000.0 -420 10.277118970102999

25.0 -440 12.593477681033093
50.0 -440 12.482564690860274
75.0 -440 12.37138403247528
100.0 -440 12.260275405041362
125.0 -440 12.14958201405953
150.0 -440 12.039612828373288
175.0 -440 11.930770087952071
200.0 -440 11.823627983410358
225.0 -440 11.718887858134698
250.0 -440 11.617277926114385
275.0 -440 11.519460661762691
300.0 -440 11.425973108302266
325.0 -440 11.33720100396184
350.0 -440 11.253378237113576
375.0 -440 11.174601834851853
400.0 -440 11.100854512954621
425.0 -440 11.032029307634673
450.0 -440 10.967952992817219
475.0 -440 10.908406594083006
500.0 -440 10.853142369315394
525.0 -440 10.801897256946754
550.0 -440 10.754403125265407
575.0 -440 10.710394297209662
600.0 -440 10.669612852536966
625.0 -440 10.631812176166168
650.0 -440 10.596759160533907
675.0 -440 10.56423540093691
700.0 -440 10.53403765645841
725.0 -440 10.505924230542613
750.0 -440 10.479882352004259
775.0 -440 10.455591929297144
800.0 -440 10.432960353909559
825.0 -440 10.411853834813853
850.0 -440 10.392150061758166
875.0 -440 10.373737313530235
900.0 -440 10.356513592603411
925.0 -440 10.340385800341002
950.0 -440 10.325268961230448
975.0000000000001 -440 10.311085500301822
1000.0 -440 10.297764575224694

25.0 -460 12.797583474667585
50.0 -460 12.67487017484924
75.0 -460 12.55231038944648
100.0 -460 12.430443481236741
125.0 -460 12.309688285662883
150.0 -460 12.190289340814699
175.0 -460 12.072544391654029
200.0 -460 11.956946396012507
225.0 -460 11.844151786998196
250.0 -460 11.73487176804
275.0 -460 11.629767406894263
300.0 -460 11.529380131189292
325.0 -460 11.434099663115832
350.0 -460 11.344160282776484
375.0 -460 11.259654664563431
400.0 -460 11.180556488537807
425.0 -460 11.10674575639987
450.0 -460 11.0380331364758
475.0 -460 10.974181427361797
500.0 -460 10.914923394905616
525.0 -460 10.85997593473152
550.0 -460 10.809050883723398
575.0 -460 10.761862965274634
600.0 -460 10.71813538966359
625.0 -460 10.677603600622044
650.0 -460 10.64001759712429
675.0 -460 10.605143188251466
700.0 -460 10.572762469382887
725.0 -460 10.542616532330563
750.0 -460 10.514691079217657
775.0 -460 10.488643583228388
800.0 -460 10.464374573254489
825.0 -460 10.441740633104269
850.0 -460 10.420610653205555
875.0 -460 10.400864874063826
900.0 -460 10.382393958315431
925.0 -460 10.365098106494495
950.0 -460 10.348886225495578
975.0000000000001 -460 10.333675154091596
1000.0 -460 10.319388947150516

25.0 -480 13.030064046167992
50.0 -480 12.891035881051533
75.0 -480 12.753068530402212
100.0 -480 12.617056964305498
125.0 -480 12.483547439705672
150.0 -480 12.352630044644767
175.0 -480 12.224362992929805
200.0 -480 12.09903637449053
225.0 -480 11.977168569287445
250.0 -480 11.859386777924128
275.0 -480 11.746303493682218
300.0 -480 11.6384313617117
325.0 -480 11.536140546886852
350.0 -480 11.439648752394653
375.0 -480 11.349031836119927
400.0 -480 11.264245096992617
425.0 -480 11.185148345659757
450.0 -480 11.111530550590576
475.0 -480 11.043131824945418
500.0 -480 10.979661826207849
525.0 -480 10.920814427802732
550.0 -480 10.866278947080513
575.0 -480 10.81574840579038
600.0 -480 10.768925351299279
625.0 -480 10.725525743316043
650.0 -480 10.685281350896249
675.0 -480 10.647941032354371
700.0 -480 10.613271199546718
725.0 -480 10.580994729012357
750.0 -480 10.551095324613156
775.0 -480 10.523207002828245
800.0 -480 10.4972229138224
825.0 -480 10.47298946148096
850.0 -480 10.450366241687933
875.0 -480 10.42922501354491
900.0 -480 10.409448702553433
925.0 -480 10.390930451500195
950.0 -480 10.373572728432087
975.0000000000001 -480 10.3572864962231
1000.0 -480 10.341990445330827

25.0 -500 13.289898585544247
50.0 -500 13.130344540631716
75.0 -500 12.973169590324071
100.0 -500 12.819780766727437
125.0 -500 12.670922069797918
150.0 -500 12.526459789140265
175.0 -500 12.386091779691244
200.0 -500 12.249792082464136
225.0 -500 12.117852725158137
250.0 -500 11.990752706516137
275.0 -500 11.869010432365481
300.0 -500 11.75307761590914
325.0 -500 11.64328197542598
350.0 -500 11.539808104510247
375.0 -500 11.442702884381516
400.0 -500 11.351894106821272
425.0 -500 11.267214398587969
450.0 -500 11.188425559360715
475.0 -500 11.115240656476155
500.0 -500 11.047342700695326
525.0 -500 10.984399626636549
550.0 -500 10.926075795071412
575.0 -500 10.872040465884657
600.0 -500 10.82197376461431
625.0 -500 10.775570652779555
650.0 -500 10.732543356870456
675.0 -500 10.692622639812166
700.0 -500 10.655558226831008
725.0 -500 10.621053793685109
750.0 -500 10.589090573964336
775.0 -500 10.559278128316038
800.0 -500 10.531501716424298
825.0 -500 10.505597014748782
850.0 -500 10.481413835525785
875.0 -500 10.458815018605232
900.0 -500 10.437675359555508
925.0 -500 10.417880590350968
950.0 -500 10.399326422271661
975.0000000000001 -500 10.381917655511378
1000.0 -500 10.365567356983144

25.0 -520 13.576000204600986
50.0 -520 13.392031819797523
75.0 -520 13.212093007701107
100.0 -520 13.038258881599054
125.0 -520 12.871560709113618
150.0 -520 12.711593632245412
175.0 -520 12.557589547702685
200.0 -520 12.409102355490765
225.0 -520 12.266114645931602
250.0 -520 12.128896023549117
275.0 -520 11.997827073377232
300.0 -520 11.87326751946111
325.0 -520 11.755480442522138
350.0 -520 11.644601259561862
375.0 -520 11.540636038260411
400.0 -520 11.443476170163711
425.0 -520 11.352920278497525
450.0 -520 11.268697657531927
475.0 -520 11.190490071604048
500.0 -520 11.11795042831573
525.0 -520 11.05071787274046
550.0 -520 10.988429425506476
575.0 -520 10.930728568229524
600.0 -520 10.87727128180794
625.0 -520 10.827730045286676
650.0 -520 10.781796254841185
675.0 -520 10.73918145417487
700.0 -520 10.699617696174656
725.0 -520 10.662788489235265
750.0 -520 10.628672124193276
775.0 -520 10.596852729995366
800.0 -520 10.56720716867104
825.0 -520 10.539559849256753
850.0 -520 10.513750317667823
875.0 -520 10.489632062117717
900.0 -520 10.467071360127264
925.0 -520 10.4459461838267
950.0 -520 10.426145173271085
975.0000000000001 -520 10.407566682174869
1000.0 -520 10.390117897361907

25.0 -540 13.887222104885518
50.0 -540 13.675289467282772
75.0 -540 13.469287973271127
100.0 -540 13.272115079330682
125.0 -540 13.085198201596626
150.0 -540 12.907837061634503
175.0 -540 12.738708145222175
200.0 -540 12.576850802530927
225.0 -540 12.421860668713931
250.0 -540 12.273739974372955
275.0 -540 12.132689651242886
300.0 -540 11.998947542179817
325.0 -540 11.872690643014145
350.0 -540 11.753989621799441
375.0 -540 11.642798238392345
400.0 -540 11.538962837076594
425.0 -540 11.442241400455796
450.0 -540 11.352325519868351
475.0 -540 11.268861507760022
500.0 -540 11.19146879789354
525.0 -540 11.119754963925473
550.0 -540 11.053327358648014
575.0 -540 10.991801714698825
600.0 -540 10.934808183134074
625.0 -540 10.881995307413685
650.0 -540 10.83303239153702
675.0 -540 10.787610657772902
700.0 -540 10.745443519101865
725.0 -540 10.706193369603715
750.0 -540 10.669835084491732
775.0 -540 10.635926409212901
800.0 -540 10.60433530576859
825.0 -540 10.574874383601722
850.0 -540 10.547372446286351
875.0 -540 10.521673203704895
900.0 -540 10.49763403209719
925.0 -540 10.47512479889118
950.0 -540 10.45402676206349
975.0000000000001 -540 10.434231548146416
1000.0 -540 10.415640210017719

25.0 -560 14.222364006419257
50.0 -560 13.979268632403619
75.0 -560 13.744174965014682
100.0 -560 13.520953645399647
125.0 -560 13.311556093843432
150.0 -560 13.114986227060621
175.0 -560 12.929292624452343
200.0 -560 12.752915911881576
225.0 -560 12.584993154137193
250.0 -560 12.42520463887426
275.0 -560 12.273531830171372
300.0 -560 12.130062033831793
325.0 -560 11.994865501192363
350.0 -560 11.867933102023018
375.0 -560 11.749155155399508
400.0 -560 11.638324570315952
425.0 -560 11.535152243325228
450.0 -560 11.439287010973853
475.0 -560 11.350335698177298
500.0 -560 11.267880983730324
525.0 -560 11.191496159781574
550.0 -560 11.120756641756213
575.0 -560 11.055248490128927
600.0 -560 10.994574380070018
625.0 -560 10.938357498664697
650.0 -560 10.886243822823817
675.0 -560 10.837903173606325
700.0 -560 10.793029375321508
725.0 -560 10.751262781167888
750.0 -560 10.712574377454876
775.0 -560 10.676494599341137
800.0 -560 10.642882011379328
825.0 -560 10.611536899365873
850.0 -560 10.582276855417371
875.0 -560 10.554935390300914
900.0 -560 10.529360600788484
925.0 -560 10.505413909105968
950.0 -560 10.482968884005466
975.0000000000001 -560 10.461910147376038
1000.0 -560 10.4421323670565

25.0 -580 14.58017880423056
50.0 -580 14.303083346575226
75.0 -580 14.036147369049957
100.0 -580 13.784360159417236
125.0 -580 13.550343047728646
150.0 -580 13.332828184063821
175.0 -580 13.129181399800288
200.0 -580 12.937171161476249
225.0 -580 12.755410567155568
250.0 -580 12.58320699259891
275.0 -580 12.42028475132701
300.0 -580 12.266553261243594
325.0 -580 12.121956200248862
350.0 -580 11.986390141108311
375.0 -580 11.859671208854785
400.0 -580 11.741530760686059
425.0 -580 11.631626362197334
450.0 -580 11.529559195467986
475.0 -580 11.434892680267124
500.0 -580 11.347169552500725
525.0 -580 11.265926187342128
550.0 -580 11.190703853763827
575.0 -580 11.121057066243676
600.0 -580 11.05655941856581
625.0 -580 10.996807354240365
650.0 -580 10.941422316022672
675.0 -580 10.890051667276941
700.0 -580 10.84236871435615
725.0 -580 10.797990864118988
750.0 -580 10.756884740290857
775.0 -580 10.718552566801673
800.0 -580 10.68284301849859
825.0 -580 10.649543541855067
850.0 -580 10.618460055597236
875.0 -580 10.58941545669797
900.0 -580 10.562248189514875
925.0 -580 10.536810895042818
950.0 -580 10.51296914955582
975.0000000000001 -580 10.490600296161567
1000.0 -580 10.469592369454054

25.0 -600 14.959379414918288
50.0 -600 14.645814159053266
75.0 -600 14.34457318560575
100.0 -600 14.061902315623211
125.0 -600 13.801255273812155
150.0 -600 13.561141149002712
175.0 -600 13.33820641285407
200.0 -600 13.129485133593022
225.0 -600 12.93300756080302
250.0 -600 12.747660970033342
275.0 -600 12.572877081713978
300.0 -600 12.408361446631151
325.0 -600 12.25391221267481
350.0 -600 12.10931773433587
375.0 -600 11.974309586839597
400.0 -600 11.848549742852324
425.0 -600 11.731636401274312
450.0 -600 11.623118348480658
475.0 -600 11.52251180419621
500.0 -600 11.42931647030688
525.0 -600 11.343029246952494
550.0 -600 11.263155110164238
575.0 -600 11.189215205693804
600.0 -600 11.120752482439416
625.0 -600 11.057335287846001
650.0 -600 10.998559352288964
675.0 -600 10.944048549016522
700.0 -600 10.893454757273533
725.0 -600 10.846371553920946
750.0 -600 10.802760726058708
775.0 -600 10.762095412125454
800.0 -600 10.724213910347125
825.0 -600 10.68889032089514
850.0 -600 10.655918434556176
875.0 -600 10.625110126146284
900.0 -600 10.59629382007868
925.0 -600 10.569313044738129
950.0 -600 10.544025084666456
975.0000000000001 -600 10.52029973348487
1000.0 -600 10.49801814733085

25.0 -620 15.358645770420958
50.0 -620 15.00651191519198
75.0 -620 14.668796818587708
100.0 -620 14.353130784703769
125.0 -620 14.063976985609203
150.0 -620 13.79969476537215
175.0 -620 13.556193304060839
200.0 -620 13.329721633798059
225.0 -620 13.117675062960597
250.0 -620 12.918477530035863
275.0 -620 12.731235064680638
300.0 -620 12.555424807198584
325.0 -620 12.390681331643814
350.0 -620 12.236671456443359
375.0 -620 12.093032266103409
400.0 -620 11.959348811666263
425.0 -620 11.835154107143278
450.0 -620 11.719939966499114
475.0 -620 11.613171741802516
500.0 -620 11.514303110013188
525.0 -620 11.422789018298944
550.0 -620 11.338096068013536
575.0 -620 11.259710266235563
600.0 -620 11.187142396861859
625.0 -620 11.119931394625292
650.0 -620 11.057646129085771
675.0 -620 10.999885975752806
700.0 -620 10.946280498430962
725.0 -620 10.896398582803636
750.0 -620 10.850196704935685
775.0 -620 10.80711807104489
800.0 -620 10.766990121327021
825.0 -620 10.729573111633252
850.0 -620 10.694648257896274
875.0 -620 10.662016010947228
900.0 -620 10.631494413297718
925.0 -620 10.602917554149057
950.0 -620 10.576134131169745
975.0000000000001 -620 10.55100612136053
1000.0 -620 10.527407560256458

25.0 -640 15.776631911693428
50.0 -640 15.384201663068584
75.0 -640 15.008140946634166
100.0 -640 14.65758011680184
125.0 -640 14.338180874647602
150.0 -640 14.048250381376972
175.0 -640 13.782961591024275
200.0 -640 13.537739814176582
225.0 -640 13.309300365956501
250.0 -640 13.09556472333967
275.0 -640 12.895282571941493
300.0 -640 12.70767959590916
325.0 -640 12.532209703310846
350.0 -640 12.368405487473842
375.0 -640 12.215800032873313
400.0 -640 12.073894238972391
425.0 -640 11.942150342423464
450.0 -640 11.819998778520404
475.0 -640 11.706850495722904
500.0 -640 11.602110258779048
525.0 -640 11.505188666658661
550.0 -640 11.415511931095363
575.0 -640 11.33252920503104
600.0 -640 11.255717631954582
625.0 -640 11.184585454193984
650.0 -640 11.118673562711301
675.0 -640 11.057555853272257
700.0 -640 11.000838707302163
725.0 -640 10.948065481305775
750.0 -640 10.899186865545392
775.0 -640 10.853615315617299
800.0 -640 10.811166937979754
825.0 -640 10.77158765537124
850.0 -640 10.73464566982626
875.0 -640 10.700129613084874
900.0 -640 10.667846789552152
925.0 -640 10.637621527625274
950.0 -640 10.609293647196134
975.0000000000001 -640 10.58271704519235
1000.0 -640 10.557758397581871

25.0 -660 16.211973130644598
50.0 -660 15.777886671627542
75.0 -660 15.361908472741698
100.0 -660 14.97476968524799
125.0 -660 14.623528606249836
150.0 -660 14.306561338700305
175.0 -660 14.01832485336755
200.0 -660 13.753394300701855
225.0 -660 13.50776721904581
250.0 -660 13.27882776209858
275.0 -660 13.064941157166405
300.0 -660 12.865060143424408
325.0 -660 12.678441860046084
350.0 -660 12.504472639298678
375.0 -660 12.342572504174719
400.0 -660 12.192151290900142
425.0 -660 12.05259509984757
450.0 -660 11.923268757538002
475.0 -660 11.803525408829078
500.0 -660 11.692718125813608
525.0 -660 11.590210849289374
550.0 -660 11.4953874552503
575.0 -660 11.407658583079701
600.0 -660 11.326466306493899
625.0 -660 11.25128693371971
650.0 -660 11.181632290918587
675.0 -660 11.117049838411164
700.0 -660 11.05712193034485
725.0 -660 11.001365579868429
750.0 -660 10.94972521631529
775.0 -660 10.901581755399148
800.0 -660 10.856739499989414
825.0 -660 10.814929560431194
850.0 -660 10.775906693903568
875.0 -660 10.739447324861413
900.0 -660 10.70534766934174
925.0 -660 10.673421978375117
950.0 -660 10.6435009075919
975.0000000000001 -660 10.615430014155985
1000.0 -660 10.589068378755934

25.0 -680 16.663293105281635
50.0 -680 16.186552540757486
75.0 -680 15.729384548739148
100.0 -680 15.304204670414158
125.0 -680 14.919671335872913
150.0 -680 14.574373272353496
175.0 -680 14.26209092408072
200.0 -680 13.97653532470288
225.0 -680 13.712955923662127
250.0 -680 13.468169091414753
275.0 -680 13.240130111017478
300.0 -680 13.027498901164694
325.0 -680 12.829320754546615
350.0 -680 12.644824382897257
375.0 -680 12.473308149787169
400.0 -680 12.314084245599222
425.0 -680 12.166457516668373
450.0 -680 12.029723132329138
475.0 -680 11.903173173881742
500.0 -680 11.786106350342056
525.0 -680 11.677837722034862
550.0 -680 11.577706953835193
575.0 -680 11.485084569783103
600.0 -680 11.39937619172007
625.0 -680 11.32002499113977
650.0 -680 11.246512675614076
675.0 -680 11.17835934134669
700.0 -680 11.115122492935976
725.0 -680 11.056292010463165
750.0 -680 11.001805586864641
775.0 -680 10.951011838633688
800.0 -680 10.903702801212257
825.0 -680 10.859594303032505
850.0 -680 10.81842723378589
875.0 -680 10.779965429556897
900.0 -680 10.74399367384988
925.0 -680 10.710315829002976
950.0 -680 10.678753104373632
975.0000000000001 -680 10.649142461570909
1000.0 -680 10.621335153651252

25.0 -700 17.12921097028756
50.0 -700 16.609171381130224
75.0 -700 16.109838669974792
100.0 -700 15.645377082849695
125.0 -700 15.226250245849634
150.0 -700 14.851424421541653
175.0 -700 14.514062087245327
200.0 -700 14.207008858391287
225.0 -700 13.924743431365908
250.0 -700 13.663488462811038
275.0 -700 13.420766517627651
300.0 -700 13.194926485517682
325.0 -700 12.98478779480221
350.0 -700 12.789410876275761
375.0 -700 12.607964314715256
400.0 -700 12.43965641143907
425.0 -700 12.283705889464933
450.0 -700 12.139334399538509
475.0 -700 12.005769843475994
500.0 -700 11.882254009781304
525.0 -700 11.768050946073211
550.0 -700 11.66245430334972
575.0 -700 11.56479294761235
600.0 -700 11.474434715248902
625.0 -700 11.390788478437823
650.0 -700 11.313304805616665
675.0 -700 11.241475527923576
700.0 -700 11.174832501346234
725.0 -700 11.11283770828989
750.0 -700 11.055421629465764
775.0 -700 11.001899853488581
800.0 -700 10.952051690733793
825.0 -700 10.905577228208536
850.0 -700 10.862203074032458
875.0 -700 10.821680102135197
900.0 -700 10.783781325553779
925.0 -700 10.748299911990005
950.0 -700 10.715047347162622
975.0000000000001 -700 10.683851745294463
1000.0 -700 10.654556302932864

25.0 -720 17.608348263665253
50.0 -720 17.044706039040243
75.0 -720 16.502526834723092
100.0 -720 15.997766824534368
125.0 -720 15.542897102137879
150.0 -720 15.137445951357089
175.0 -720 14.774035282056191
200.0 -720 14.444656754260196
225.0 -720 14.143003444443952
250.0 -720 13.864683009565134
275.0 -720 13.606765312494003
300.0 -720 13.367271723061696
325.0 -720 13.144782879919461
350.0 -720 12.938180993095976
375.0 -720 12.746497242208692
400.0 -720 12.568830145637527
425.0 -720 12.40430768930792
450.0 -720 12.252074336086825
475.0 -720 12.111290840181391
500.0 -720 11.981139628118731
525.0 -720 11.860831694865075
550.0 -720 11.749612949175324
575.0 -720 11.646769116906908
600.0 -720 11.551628965090053
625.0 -720 11.463565945018113
650.0 -720 11.38199849949566
675.0 -720 11.306389322055322
700.0 -720 11.236243844781175
725.0 -720 11.170995413495726
750.0 -720 11.110566820505962
775.0 -720 11.054239929322128
800.0 -720 11.001780873952402
825.0 -720 10.952873550746858
850.0 -720 10.907229880909947
875.0 -720 10.86458740990944
900.0 -720 10.824707048816835
925.0 -720 10.787370970252034
950.0 -720 10.752380663649742
975.0000000000001 -720 10.719555148138939
1000.0 -720 10.688729338392504

25.0 -740 18.099335689700226
50.0 -740 17.49211433916817
75.0 -740 16.906693761693308
100.0 -740 16.360842786891386
125.0 -740 15.869234830813747
150.0 -740 15.432162285154796
175.0 -740 15.041802313014845
200.0 -740 14.68931688840951
225.0 -740 14.36760651911382
250.0 -740 14.071647323898134
275.0 -740 13.798039341693645
300.0 -740 13.544461696852869
325.0 -740 13.309244436746736
350.0 -740 13.091082351915109
375.0 -740 12.88886209730297
400.0 -740 12.701566873313642
425.0 -740 12.528229577256658
450.0 -740 12.367914011819314
475.0 -740 12.219710966977459
500.0 -740 12.082741184491145
525.0 -740 11.956160661236199
550.0 -740 11.839165911490472
575.0 -740 11.73099810080451
600.0 -740 11.630945693755127
625.0 -740 11.538345641151633
650.0 -740 11.452583308489714
675.0 -740 11.373091408188255
700.0 -740 11.299348197465612
725.0 -740 11.230757672950888
750.0 -740 11.167234462006538
775.0 -740 11.108026037972722
800.0 -740 11.052884913700451
825.0 -740 11.00147835613755
850.0 -740 10.953503203211547
875.0 -740 10.908683313293448
900.0 -740 10.866767170525444
925.0 -740 10.827525657663395
950.0 -740 10.790750000076404
975.0000000000001 -740 10.756249878270959
1000.0 -740 10.723851703331398

25.0 -760 18.600819639272302
50.0 -760 17.950353316149258
75.0 -760 17.321575158209782
100.0 -760 16.734063983832886
125.0 -760 16.20487811374483
150.0 -760 15.735291447415772
175.0 -760 15.317150066174134
200.0 -760 14.940823307558686
225.0 -760 14.598420171169677
250.0 -760 14.284273535893165
275.0 -760 13.994499422437226
300.0 -760 13.726421793710793
325.0 -760 13.478109457261073
350.0 -760 13.248061346070545
375.0 -760 13.035012990860208
400.0 -760 12.837827106964925
425.0 -760 12.655437420209198
450.0 -760 12.48682380248564
475.0 -760 12.331004417866056
500.0 -760 12.187036121956394
525.0 -760 12.054018064647309
550.0 -760 11.931095791292574
575.0 -760 11.817464550252893
600.0 -760 11.712371322472006
625.0 -760 11.615115521509633
650.0 -760 11.525048519472866
675.0 -760 11.441572233818567
700.0 -760 11.364137020782877
725.0 -760 11.29211684206372
750.0 -760 11.225417683174886
775.0 -760 11.16325199510755
800.0 -760 11.105358231377963
825.0 -760 11.051386601571254
850.0 -760 11.001018473123292
875.0 -760 10.953963666510665
900.0 -760 10.90995792072381
925.0 -760 10.868760539625333
950.0 -760 10.830152221717034
975.0000000000001 -760 10.79393306965579
1000.0 -760 10.759920772916233

25.0 -780 19.111468410632245
50.0 -780 18.418383404164075
75.0 -780 17.74640003051605
100.0 -780 17.116880717862355
125.0 -780 16.549434002941407
150.0 -780 16.046545416857114
175.0 -780 15.599860731276065
200.0 -780 15.199006379759696
225.0 -780 14.83530898411361
250.0 -780 14.502451394151445
275.0 -780 14.196054404854927
300.0 -780 13.913075752446128
325.0 -780 13.651313536754522
350.0 -780 13.409063174165608
375.0 -780 13.184903004113012
400.0 -780 12.977570466320232
425.0 -780 12.785896307067048
450.0 -780 12.608773402951787
475.0 -780 12.445144788761587
500.0 -780 12.294001356458445
525.0 -780 12.154383658611582
550.0 -780 12.025384776562909
575.0 -780 11.906152749163676
600.0 -780 11.795891945484568
625.0 -780 11.693863248800133
650.0 -780 11.599383158016694
675.0 -780 11.511822012078552
700.0 -780 11.430601565459227
725.0 -780 11.35506508664666
750.0 -780 11.28510944200275
775.0 -780 11.21991146156342
800.0 -780 11.159195108138778
825.0 -780 11.102593116945119
850.0 -780 11.049771007096368
875.0 -780 11.000424218376963
900.0 -780 10.95427543327473
925.0 -780 10.911072093642424
950.0 -780 10.870584113388604
975.0000000000001 -780 10.832601782484806
1000.0 -780 10.796933854586905

