25.0 400 17.568703068160186
50.0 400 16.817972623778182
75.0 400 16.086519132408686
100.0 400 15.386826323765206
125.0 400 14.733681358676096
150.0 400 14.142634506464827
175.0 400 13.621840273404647
200.0 400 13.171291229437182
225.0 400 12.785668248493627
250.0 400 12.457240286548936
275.0 400 12.177781209388849
300.0 400 11.939580093824791
325.0 400 11.735860329516
350.0 400 11.56087346821042
375.0 400 11.409837698434433
400.0 400 11.278815738126758
425.0 400 11.164580014986337
450.0 400 11.064486738060987
475.0 400 10.976366839866344
500.0 400 10.898435208456041
525.0 400 10.829216785877485
550.0 400 10.767487118779941
575.0 400 10.712224820715713
600.0 400 10.662573640819533
625.0 400 10.6178121866032
650.0 400 10.577329706925893
675.0 400 10.540606661143558
700.0 400 10.507199068134561
725.0 400 10.476690641898124
750.0 400 10.448858519616165
775.0 400 10.423312825690047
800.0 400 10.399841814028283
825.0 400 10.378230169627459
850.0 400 10.358289507450593
875.0 400 10.33985445916395
900.0 400 10.322779403579275
925.0 400 10.306935723436041
950.0 400 10.292209494450777
975.0000000000001 400 10.27849953074854
1000.0 400 10.265715725599888

25.0 380 17.154068141406498
50.0 380 16.438940433943092
75.0 380 15.742475026814523
100.0 380 15.076616488232643
125.0 380 14.455517197904097
150.0 380 13.893944666697596
175.0 380 13.399571572664117
200.0 380 12.972298262919546
225.0 380 12.606982934772084
250.0 380 12.296204061961133
275.0 380 12.032082944880516
300.0 380 11.807242718848695
325.0 380 11.615204935292153
350.0 380 11.450477012430222
375.0 380 11.308492192332452
400.0 380 11.185492139119098
425.0 380 11.078397666550186
450.0 380 10.98468810455661
475.0 380 10.902296863244086
500.0 380 10.829524520083702
525.0 380 10.764968056474205
550.0 380 10.707463930672978
575.0 380 10.656042556309572
600.0 380 10.609891981288806
625.0 380 10.568328899167307
650.0 380 10.53077546752887
675.0 380 10.496740713478315
700.0 380 10.465805562324428
725.0 380 10.437579118169536
750.0 380 10.411846903443445
775.0 380 10.38824669392975
800.0 380 10.366578084845623
825.0 380 10.34663900317775
850.0 380 10.32825284055645
875.0 380 10.311264729029949
900.0 380 10.295538432484403
925.0 380 10.280953741024296
950.0 380 10.267404278194388
975.0000000000001 380 10.254795648217103
1000.0 380 10.243043864781683

25.0 360 16.75387945173489
50.0 360 16.073674795223038
75.0 360 15.411494064241769
100.0 360 14.778747265118334
125.0 360 14.188954697142245
150.0 360 13.656119934990604
175.0 360 13.187454571510177
200.0 360 12.782780583228625
225.0 360 12.437140079159077
250.0 360 12.143422649555237
275.0 360 11.894095828719601
300.0 360 11.682114286995303
325.0 360 11.50129473828583
350.0 360 11.34639742421379
375.0 360 11.213067747142686
400.0 360 11.09772364328528
425.0 360 10.997431868182227
450.0 360 10.90979264455874
475.0 360 10.83283982719617
500.0 360 10.764957824129059
525.0 360 10.704813952704951
550.0 360 10.651304019180802
575.0 360 10.603508800520933
600.0 360 10.560659322557918
625.0 360 10.522109150626427
650.0 360 10.487312235022083
675.0 360 10.455805145398578
700.0 360 10.42719277222033
725.0 360 10.401108462375223
750.0 360 10.377346182088566
775.0 360 10.355569781565823
800.0 360 10.335589815332629
825.0 360 10.317216842560773
850.0 360 10.300285472846255
875.0 360 10.28465082680123
900.0 360 10.270185584420833
925.0 360 10.256777513430848
950.0 360 10.244327391253575
975.0000000000001 360 10.23274725095756
1000.0 360 10.221958895251937

25.0 340 16.36841657712377
50.0 340 15.722410927547193
75.0 340 15.093770259064193
100.0 340 14.49337542806447
125.0 340 13.934118818935206
150.0 340 13.429259433571652
175.0 340 12.985568028083847
200.0 340 12.602801130762462
225.0 340 12.276190384863746
250.0 340 11.99893726134848
275.0 340 11.763853664130185
300.0 340 11.564222768850732
325.0 340 11.394153073939263
350.0 340 11.248654320130834
375.0 340 11.123580967927033
400.0 340 11.015524395615229
425.0 340 10.921694738914464
450.0 340 10.839810796195357
475.0 340 10.76800476571543
500.0 340 10.704742974351735
525.0 340 10.648761330625007
550.0 340 10.599013392574818
575.0 340 10.554628837744497
600.0 340 10.514880328214002
625.0 340 10.479157069922985
650.0 340 10.44694367614363
675.0 340 10.417803222613896
700.0 340 10.391363614377523
725.0 340 10.367281285082518
750.0 340 10.345358699966125
775.0 340 10.325284198238945
800.0 340 10.306878908270434
825.0 340 10.289965407782455
850.0 340 10.274388962451122
875.0 340 10.260014166865142
900.0 340 10.246722145843725
925.0 340 10.234408212979421
950.0 340 10.222979903915196
975.0000000000001 340 10.212355317844512
1000.0 340 10.202461713804608

25.0 320 15.997947653097377
50.0 320 15.385373926123869
75.0 320 14.789488813312355
100.0 320 14.220650231918405
125.0 320 13.69112822200837
150.0 320 13.213457049293822
175.0 320 12.793986363238895
200.0 320 12.432419245105525
225.0 320 12.124181551776326
250.0 320 11.862786589691527
275.0 320 11.64138812730319
300.0 320 11.453594328474713
325.0 320 11.293801734557967
350.0 320 11.157265991619584
375.0 320 11.04004731631445
400.0 320 10.938907550066178
425.0 320 10.851197535346166
450.0 320 10.774752244254163
475.0 320 10.707800052468167
500.0 320 10.648887243821786
525.0 320 10.596816534102096
550.0 320 10.550597606025509
575.0 320 10.509407550447309
600.0 320 10.472559304349947
625.0 320 10.439476467253389
650.0 320 10.40967317273491
675.0 320 10.382737955582959
700.0 320 10.358320776164192
725.0 320 10.336099990704646
750.0 320 10.315886615503324
775.0 320 10.297391885526753
800.0 320 10.280447114267375
825.0 320 10.264886280825307
850.0 320 10.250564742038765
875.0 320 10.237356049369614
900.0 320 10.225149298998808
925.0 320 10.213846916775749
950.0 320 10.203362799320034
975.0000000000001 320 10.193620747858677
1000.0 320 10.184553143899299

25.0 300 15.642729026042545
50.0 300 15.06277850595599
75.0 300 14.498825938108434
100.0 300 13.960713294306117
125.0 300 13.460095184269774
150.0 300 13.008801383420748
175.0 300 12.61277962723781
200.0 300 12.271690642394718
225.0 300 11.981158260647483
250.0 300 11.735006795928395
275.0 300 11.52672875905203
300.0 300 11.350253317124356
325.0 300 11.200260964517268
350.0 300 11.07224940125574
375.0 300 10.96248110753647
400.0 300 10.867885267190484
425.0 300 10.785950649714227
450.0 300 10.714625918625654
475.0 300 10.652233399520274
500.0 300 10.59739732388533
525.0 300 10.548985393906861
550.0 300 10.506061760858293
575.0 300 10.467849418559315
600.0 300 10.43370019908634
625.0 300 10.40307083364395
650.0 300 10.375503821385104
675.0 300 10.35061209923353
700.0 300 10.328066715513241
725.0 300 10.307566777289406
750.0 300 10.288931900954188
775.0 300 10.271894616791446
800.0 300 10.256296031620384
825.0 300 10.241980905477714
850.0 300 10.228814118689455
875.0 300 10.21667766011409
900.0 300 10.205468121837278
925.0 300 10.195094606643492
950.0 300 10.18547697341025
975.0000000000001 300 10.176544360053084
1000.0 300 10.16823393560213

25.0 280 15.303004927143634
50.0 280 14.754828762362482
75.0 280 14.221948687006586
100.0 280 13.713698485465653
125.0 280 13.241125531398673
150.0 280 12.815375705155803
175.0 280 12.442013468952537
200.0 280 12.120667394441641
225.0 280 11.84716215852943
250.0 280 11.615631499968735
275.0 280 11.419902957161549
300.0 280 11.254222267518237
325.0 280 11.113549455860921
350.0 280 10.993620179320667
375.0 280 10.890895507732312
400.0 280 10.8024687119838
425.0 280 10.725963608186918
450.0 280 10.659439992904657
475.0 280 10.601311856169106
500.0 280 10.550279323187139
525.0 280 10.505273226968626
550.0 280 10.465410503914025
575.0 280 10.42995851890704
600.0 280 10.39830660208908
625.0 280 10.369943340564388
650.0 280 10.344438433088344
675.0 280 10.321428152662257
700.0 280 10.300603660662128
725.0 280 10.281683636301045
750.0 280 10.264496342211203
775.0 280 10.248793996991846
800.0 280 10.234427106173191
825.0 280 10.221250587250884
850.0 280 10.209138273812421
875.0 280 10.197980070486455
900.0 280 10.187679587952642
925.0 280 10.178152169050493
950.0 280 10.16932323485977
975.0000000000001 280 10.161126893485019
1000.0 280 10.153504765539878

25.0 260 14.979007167184943
50.0 260 14.461717947629687
75.0 260 13.959014801179809
100.0 260 13.479731826318835
125.0 260 13.0343185709751
150.0 260 12.633257908850478
175.0 260 12.281749107612887
200.0 260 11.979397909581762
225.0 260 11.722231845481089
250.0 260 11.504691770786932
275.0 260 11.320935969435302
300.0 260 11.165521888614888
325.0 260 11.033684344316788
350.0 260 10.9213926207258
375.0 260 10.825302531512662
400.0 260 10.74266805195862
425.0 260 10.671245069280967
450.0 260 10.60920188310822
475.0 260 10.555041807928944
500.0 260 10.507538766850557
525.0 260 10.465684835625915
550.0 260 10.428648026952594
575.0 260 10.39573852474608
600.0 260 10.366381744151884
625.0 260 10.340096839559912
650.0 260 10.316479532960185
675.0 260 10.295188358891394
700.0 260 10.275933609954334
725.0 260 10.258452352445751
750.0 260 10.242581538667462
775.0 260 10.228091462583732
800.0 260 10.214841631209477
825.0 260 10.202696493269285
850.0 260 10.191538263051932
875.0 260 10.181264237359645
900.0 260 10.17178456649794
925.0 260 10.163020395049017
950.0 260 10.154902305027715
975.0000000000001 260 10.147369007177197
1000.0 260 10.140366236862025

25.0 240 14.670954852350912
50.0 240 14.18362826377104
75.0 240 13.710172566403921
100.0 240 13.258931394672171
125.0 240 12.839767032031471
150.0 240 12.462520474856499
175.0 240 12.132043306988129
200.0 240 11.847926915265429
225.0 240 11.606402862489524
250.0 240 11.40221611784308
275.0 240 11.229850887435573
300.0 240 11.084171060950117
325.0 240 10.960681205751246
350.0 240 10.85557968225242
375.0 240 10.76571303980767
400.0 240 10.688492455412877
425.0 240 10.621802822494585
450.0 240 10.56391824656758
475.0 240 10.513428975601656
500.0 240 10.469180595701802
525.0 240 10.43022450704084
550.0 240 10.395778066142375
575.0 240 10.365192705307233
600.0 240 10.337928496854085
625.0 240 10.313533861974983
650.0 240 10.29162935997006
675.0 240 10.271894704632267
700.0 240 10.254058331645647
725.0 240 10.237874503494158
750.0 240 10.223188903054407
775.0 240 10.20978828138191
800.0 240 10.19754074734524
825.0 240 10.18631965217094
850.0 240 10.17601501620561
875.0 240 10.16653100304001
900.0 240 10.157783822140665
925.0 240 10.149699980239696
950.0 240 10.14221481792019
975.0000000000001 240 10.13527128008419
1000.0 240 10.12881887920873

25.0 220 14.379054121129498
50.0 220 13.920730671406597
75.0 220 13.475560681780859
100.0 220 13.05140723948047
125.0 220 12.657557010000076
150.0 220 12.303230434008446
175.0 220 11.9929483520518
200.0 220 11.72629544234856
225.0 220 11.49970768062005
250.0 220 11.308230483373038
275.0 220 11.146668640862915
300.0 220 11.01018683246594
325.0 220 10.894554053010832
350.0 220 10.796192980122388
375.0 220 10.712136737961345
400.0 220 10.639950089931494
425.0 220 10.577643787101298
450.0 220 10.523594980954107
475.0 220 10.47647841449391
500.0 220 10.435209165627054
525.0 220 10.398896012643451
550.0 220 10.366803901603229
575.0 220 10.338323925441198
600.0 220 10.312949372232783
625.0 220 10.290256618667092
650.0 220 10.269889866737367
675.0 220 10.251548920141367
700.0 220 10.234979363741417
725.0 220 10.219951460177352
750.0 220 10.206319661343265
775.0 220 10.193885552462556
800.0 220 10.182525442446106
825.0 220 10.172120954058352
850.0 220 10.162569337161143
875.0 220 10.153781095215692
900.0 220 10.145678015002822
925.0 220 10.13819152470701
950.0 220 10.131261320135215
975.0000000000001 220 10.124834211047144
1000.0 220 10.118863148678397

25.0 200 14.10349790238778
50.0 200 13.673184714708865
75.0 200 13.255308140082908
100.0 200 12.85726130310196
125.0 200 12.487767917010157
150.0 200 12.155449335628434
175.0 200 11.864512028062295
200.0 200 11.614540811084943
225.0 200 11.402175691386278
250.0 200 11.22275823560007
275.0 200 11.0714079926789
300.0 200 10.943584414894106
325.0 200 10.835315333197068
350.0 200 10.743242787900291
375.0 200 10.664582174097525
400.0 200 10.597048121099082
425.0 200 10.538774011118676
450.0 200 10.488237223453268
475.0 200 10.444194513740468
500.0 200 10.405628247033995
525.0 200 10.37170260768803
550.0 200 10.34172835705184
575.0 200 10.31513464530392
600.0 200 10.291446522525668
625.0 200 10.270266999800418
650.0 200 10.251262719312814
675.0 200 10.234152479012758
700.0 200 10.218698013876754
725.0 200 10.204684386044008
750.0 200 10.191974852642842
775.0 200 10.18038420608908
800.0 200 10.169796551548444
825.0 200 10.160101150398864
850.0 200 10.151201903855894
875.0 200 10.143015126885576
900.0 200 10.135467700640453
925.0 200 10.128495533001603
950.0 200 10.122042270851201
975.0000000000001 200 10.116058218773635
1000.0 200 10.110499427806023

25.0 180 13.844465694621233
50.0 180 13.441138362403597
75.0 180 13.04953411969135
100.0 180 12.676587351453295
125.0 180 12.330472437462669
150.0 180 12.019233219097353
175.0 180 11.746777602033607
200.0 180 11.512696618781657
225.0 180 11.313833198328506
250.0 180 11.14582016284156
275.0 180 11.004085534848045
300.0 180 10.884377180644256
325.0 180 10.782975925307015
350.0 180 10.696738034725858
375.0 180 10.623056737752137
400.0 180 10.559792711429267
425.0 180 10.505198670467175
450.0 180 10.457849350081997
475.0 180 10.416580995759036
500.0 180 10.380441024396951
525.0 180 10.348647030880894
550.0 180 10.320553799489431
575.0 180 10.295626920102054
600.0 180 10.273421739973505
625.0 180 10.253566574672583
650.0 180 10.23574929707953
675.0 180 10.219706598086908
700.0 180 10.205215359194126
725.0 180 10.192074237379941
750.0 180 10.18015532912663
775.0 180 10.16928500363616
800.0 180 10.159354756814507
825.0 180 10.150260854022244
850.0 180 10.141913268222954
875.0 180 10.1342335963637
900.0 180 10.1271533299762
925.0 180 10.120612414099881
950.0 180 10.114558041790547
975.0000000000001 180 10.108943641821067
1000.0 180 10.103728025548493

25.0 160 13.60212336630719
50.0 160 13.224727864674806
75.0 160 12.85834788795227
100.0 160 12.509470911965392
125.0 160 12.185736488769292
150.0 160 11.894632588905425
175.0 160 11.639783806605374
200.0 160 11.420792729135592
225.0 160 11.23470340977602
250.0 160 11.077434468476914
275.0 160 10.944715684779377
300.0 160 10.832576660206321
325.0 160 10.737545138362565
350.0 160 10.656686303862202
375.0 160 10.587566658761725
400.0 160 10.528189019497615
425.0 160 10.476922068287717
450.0 160 10.432434975159994
475.0 160 10.393640915826431
500.0 160 10.359650095908545
525.0 160 10.329731504110006
550.0 160 10.303282138968163
575.0 160 10.279802399913097
600.0 160 10.2588764566547
625.0 160 10.24015659157622
650.0 160 10.223350692605552
675.0 160 10.208212237345577
700.0 160 10.194532246281943
725.0 160 10.182121763152702
750.0 160 10.170861755963353
775.0 160 10.160588537540148
800.0 160 10.151200587479108
825.0 160 10.142600539039938
850.0 160 10.134703856148997
875.0 160 10.127436887209958
900.0 160 10.120735249315308
925.0 160 10.114542481396343
950.0 160 10.108808917204664
975.0000000000001 160 10.10349073857299
1000.0 160 10.098549177252972

25.0 140 13.376622977368157
50.0 140 13.02407762591873
75.0 140 12.681848715893548
100.0 140 12.355989219286789
125.0 140 12.053619187332664
150.0 140 11.781692393155076
175.0 140 11.54356482625627
200.0 140 11.33885526321389
225.0 140 11.164806432825262
250.0 140 11.017616766826835
275.0 140 10.893310682433965
300.0 140 10.788192540085864
325.0 140 10.699030709867534
350.0 140 10.623093831576524
375.0 140 10.558117006428315
400.0 140 10.502241199303477
425.0 140 10.453947634443939
450.0 140 10.41199695090766
475.0 140 10.37537666176197
500.0 140 10.343257473239058
525.0 140 10.314957732238454
550.0 140 10.28991482843952
575.0 140 10.267662329540569
600.0 140 10.247811744371084
625.0 140 10.230037977715044
650.0 140 10.214067711576654
675.0 140 10.199670099857409
700.0 140 10.18664929111513
725.0 140 10.174827504956541
750.0 140 10.164094611303108
775.0 140 10.154295231289478
800.0 140 10.145334419833912
825.0 140 10.137120540859407
850.0 140 10.129573967480665
875.0 140 10.122625268239934
900.0 140 10.11621370030148
925.0 140 10.110285952677
950.0 140 10.104795093865034
975.0000000000001 140 10.09969968722722
1000.0 140 10.094963044681316

25.0 120 13.168102621551183
50.0 120 12.83930009321978
75.0 120 12.520125804170759
100.0 120 12.216211168614771
125.0 120 11.934172819549172
150.0 120 11.680452005480738
175.0 120 11.45815028586665
200.0 120 11.266906592068361
225.0 120 11.104159268465402
250.0 120 10.966380079880334
275.0 120 10.849880588081266
300.0 120 10.75123266124729
325.0 120 10.667438804706956
350.0 120 10.595965506348442
375.0 120 10.534711688929919
400.0 120 10.481952399839546
425.0 120 10.436277925202415
450.0 120 10.39653736721911
475.0 120 10.361789953740471
500.0 120 10.331264581390853
525.0 120 10.304326902999637
550.0 120 10.280452863658404
575.0 120 10.2592075484595
600.0 120 10.240228314610073
625.0 120 10.22321133916201
650.0 120 10.207900872781531
675.0 120 10.194080631740022
700.0 120 10.181566879025587
725.0 120 10.170191796993322
750.0 120 10.159854186238816
775.0 120 10.15040533937526
800.0 120 10.14175647720769
825.0 120 10.133821056146305
850.0 120 10.126523776001864
875.0 120 10.119798893508557
900.0 120 10.113588819929285
925.0 120 10.107842950131767
950.0 120 10.102516681061836
975.0000000000001 120 10.097570585803432
1000.0 120 10.092969715969534

25.0 100 12.97668628968217
50.0 100 12.670495660397798
75.0 100 12.373258220128113
100.0 100 12.090197276613539
125.0 100 11.827442817911896
150.0 100 11.590945210356274
175.0 100 11.38356524157655
200.0 100 11.204965330984757
225.0 100 11.052775807911578
250.0 100 10.923734834910274
275.0 100 10.814433280736823
300.0 100 10.721703018063536
325.0 100 10.642774014456172
350.0 100 10.575304868389985
375.0 100 10.517353453000563
400.0 100 10.46732476487086
425.0 100 10.423914623086674
450.0 100 10.38605755153941
475.0 100 10.352881844227406
500.0 100 10.32367225865563
525.0 100 10.297839686949782
550.0 100 10.274896783171982
575.0 100 10.254438490790568
600.0 100 10.236126518518391
625.0 100 10.219676960848354
650.0 100 10.204850408083123
675.0 100 10.191444022172204
700.0 100 10.17928516471769
725.0 100 10.168214766081006
750.0 100 10.158140584822254
775.0 100 10.148918947325416
800.0 100 10.140466829971945
825.0 100 10.13270214285006
850.0 100 10.12555332943336
875.0 100 10.11895780231556
900.0 100 10.112860640541882
925.0 100 10.107213500332415
950.0 100 10.101973700594431
975.0000000000001 100 10.097103452141765
1000.0 100 10.092569205653962

25.0 80 12.802483753570467
50.0 80 12.517752587522548
75.0 80 12.241314845857987
100.0 80 11.977999649763197
125.0 80 11.73346774208551
150.0 80 11.513200191779873
175.0 80 11.31983017397443
200.0 80 11.15304633535155
225.0 80 11.0106668300813
250.0 80 10.8896888629511
275.0 80 10.786974457246917
300.0 80 10.699607757796038
325.0 80 10.625039357076584
350.0 80 10.56111410950482
375.0 80 10.506043883870671
400.0 80 10.458359432926459
425.0 80 10.416858536893036
450.0 80 10.380558068932778
475.0 80 10.348652718038506
500.0 80 10.320480756663368
525.0 80 10.295496237550164
550.0 80 10.273246668364328
575.0 80 10.253355185364478
600.0 80 10.235506346967982
625.0 80 10.219434806619796
650.0 80 10.204916262480115
675.0 80 10.191760203418289
700.0 80 10.179804072283705
725.0 80 10.168896331678729
750.0 80 10.158953724081488
775.0 80 10.14983597171762
800.0 80 10.141465395565966
825.0 80 10.133763720201328
850.0 80 10.126662549459631
875.0 80 10.120101919219271
900.0 80 10.114029089838985
925.0 80 10.108397534273106
950.0 80 10.103166086794216
975.0000000000001 80 10.098298223900777
1000.0 80 10.093761454677342

25.0 60 12.645590470445535
50.0 60 12.38114693569491
75.0 60 12.12435433714588
100.0 60 11.8796619601627
125.0 60 11.652279264944152
150.0 60 11.447239525260796
175.0 60 11.26696098354851
200.0 60 11.11116069811886
225.0 60 10.97784000025537
250.0 60 10.864247398144391
275.0 60 10.767507632045847
300.0 60 10.684949180556215
325.0 60 10.614236277028901
350.0 60 10.553394073249562
375.0 60 10.500783405474616
400.0 60 10.455056537516805
425.0 60 10.415109601904884
450.0 60 10.380038722252928
475.0 60 10.349102292504504
500.0 60 10.321689740543876
525.0 60 10.297296191294572
550.0 60 10.275502143596924
575.0 60 10.25595725582469
600.0 60 10.238367430637737
625.0 60 10.22248451929564
650.0 60 10.208098094164185
675.0 60 10.195028850898321
700.0 60 10.183123295281296
725.0 60 10.172236205931398
750.0 60 10.162293334074233
775.0 60 10.15315616020666
800.0 60 10.144751938522228
825.0 60 10.137005568758212
850.0 60 10.129851231743052
875.0 60 10.123231054059403
900.0 60 10.11709399089632
925.0 60 10.111394887364753
950.0 60 10.106093686535587
975.0000000000001 60 10.10115475858619
1000.0 60 10.096546330393572

25.0 40 12.506087507716042
50.0 40 12.260742517011867
75.0 40 12.022425093159443
100.0 40 11.795219428622053
125.0 40 11.583902163513883
150.0 40 11.393080173144257
175.0 40 11.224968988418333
200.0 40 11.079315748879873
225.0 40 10.954299869879321
250.0 40 10.847413077947822
275.0 40 10.756034137544061
300.0 40 10.677727739811758
325.0 40 10.610364645778063
350.0 40 10.55214425543714
375.0 40 10.501571280904711
400.0 40 10.457415207547127
425.0 40 10.418666880264848
450.0 40 10.384498552486843
475.0 40 10.35422961776634
500.0 40 10.327298289188041
525.0 40 10.303238667921278
550.0 40 10.281662376380373
575.0 40 10.26224392078842
600.0 40 10.244709040170067
625.0 40 10.228825420836145
650.0 40 10.214395274643016
675.0 40 10.20124938328618
700.0 40 10.189242296794024
725.0 40 10.178233893753754
750.0 40 10.168158957941657
775.0 40 10.158879091595866
800.0 40 10.150326070515316
825.0 40 10.142427330442429
850.0 40 10.135119045971477
875.0 40 10.128344901982148
900.0 40 10.122055062204932
925.0 40 10.116205299467842
950.0 40 10.110756259254334
975.0000000000001 40 10.10567283356491
1000.0 40 10.100923626582302

25.0 20 12.384041487830945
50.0 20 12.156590859465098
75.0 20 11.935565236811065
100.0 20 11.724698815017467
125.0 20 11.528354314765968
150.0 20 11.350733483184264
175.0 20 11.193860924308174
200.0 20 11.057515054524162
225.0 20 10.94004787753177
250.0 20 10.839185944179158
275.0 20 10.75255312519005
300.0 20 10.677942043365885
325.0 20 10.613422762699193
350.0 20 10.557362804949609
375.0 20 10.508405613130051
400.0 20 10.465433567944986
425.0 20 10.427528561521934
450.0 20 10.393935839224884
475.0 20 10.364033077187331
500.0 20 10.337304895597253
525.0 20 10.313322270742637
550.0 20 10.291726077659877
575.0 20 10.272213994098594
600.0 20 10.254530086359141
625.0 20 10.238456512469842
650.0 20 10.223806888878023
675.0 20 10.210420962631163
700.0 20 10.198160309554671
725.0 20 10.186888692913298
750.0 20 10.176549951992902
775.0 20 10.16700417590464
800.0 20 10.158187250442266
825.0 20 10.150028508587441
850.0 20 10.142465535903106
875.0 20 10.135443043502882
900.0 20 10.128911917698538
925.0 20 10.122828414932117
950.0 20 10.117153476986385
975.0000000000001 20 10.111852146084905
1000.0 20 10.106893063491588

25.0 0 12.279504553095109
50.0 0 12.068731186708467
75.0 0 11.863802605645702
100.0 0 11.668118415828513
125.0 0 11.48564669627662
150.0 0 11.320205190417377
175.0 0 11.173638946797684
200.0 0 11.04575842150371
225.0 0 10.935082351029651
250.0 0 10.839563444952734
275.0 0 10.757061567182534
300.0 0 10.685588854866403
325.0 0 10.62340735639135
350.0 0 10.569046524868106
375.0 0 10.521283345984559
400.0 0 10.479108740513182
425.0 0 10.441691963355673
450.0 0 10.408348101297817
475.0 0 10.378510387891925
500.0 0 10.3517074673432
525.0 0 10.32754508702083
550.0 0 10.305691502134328
575.0 0 10.285865885080018
600.0 0 10.26782912040701
625.0 0 10.251376474940336
650.0 0 10.23633173547609
675.0 0 10.222542494521573
700.0 0 10.209876336089373
725.0 0 10.198199694164598
750.0 0 10.187465485816794
775.0 0 10.177530654446695
800.0 0 10.168334784467046
825.0 0 10.159808468021868
850.0 0 10.151890119418821
875.0 0 10.144524944533703
900.0 0 10.137664066801513
925.0 0 10.131263782627189
950.0 0 10.125284924388355
975.0000000000001 0 10.119692313319312
1000.0 0 10.114454287835576

25.0 -20 12.192514350153273
50.0 -20 11.997190412451747
75.0 -20 11.807154753151343
100.0 -20 11.625488068801472
125.0 -20 11.455783391623834
150.0 -20 11.30149542224044
175.0 -20 11.164300635774799
200.0 -20 11.044041899628265
225.0 -20 10.939398510690879
250.0 -20 10.848540437450591
275.0 -20 10.769554258823915
300.0 -20 10.700663095821794
325.0 -20 10.640313586388167
350.0 -20 10.587190873930345
375.0 -20 10.540200265395754
400.0 -20 10.498436844975616
425.0 -20 10.46115353247904
450.0 -20 10.427732097519561
475.0 -20 10.39765860140823
500.0 -20 10.370503327121241
525.0 -20 10.345904688453212
550.0 -20 10.32355644868477
575.0 -20 10.303197598921077
600.0 -20 10.28460433421783
625.0 -20 10.267583668742617
650.0 -20 10.251968326910514
675.0 -20 10.237612628272249
700.0 -20 10.224389148868235
725.0 -20 10.212165781373827
750.0 -20 10.200904542398023
775.0 -20 10.19045759995601
800.0 -20 10.180767826154517
825.0 -20 10.171766435138023
850.0 -20 10.163392088607953
875.0 -20 10.155589956465665
900.0 -20 10.148310914493372
925.0 -20 10.141510856000192
950.0 -20 10.135150098804537
975.0000000000001 -20 10.129192872389591
1000.0 -20 10.123606872858351

25.0 -40 12.123094033952453
50.0 -40 11.941983149398709
75.0 -40 11.765628960397784
100.0 -40 11.596809164675802
125.0 -40 11.438761600591846
150.0 -40 11.294598706756064
175.0 -40 11.165839002141883
200.0 -40 11.052357787501075
225.0 -40 10.952988473742732
250.0 -40 10.866109191529935
275.0 -40 10.79002382153008
300.0 -40 10.723157848088462
325.0 -40 10.664135045259957
350.0 -40 10.611789968308555
375.0 -40 10.565151000885685
400.0 -40 10.523413000247528
425.0 -40 10.485908845705572
450.0 -40 10.452083827603843
475.0 -40 10.421474104450793
500.0 -40 10.393689213410077
525.0 -40 10.368398131721193
550.0 -40 10.34531826082701
575.0 -40 10.324206737060265
600.0 -40 10.304853560755603
625.0 -40 10.28707613443624
650.0 -40 10.27071488977095
675.0 -40 10.255629757156052
700.0 -40 10.241697290500387
725.0 -40 10.228785631703705
750.0 -40 10.216865918266155
775.0 -40 10.205783916702613
800.0 -40 10.195485376546534
825.0 -40 10.185901497997914
850.0 -40 10.17697060984441
875.0 -40 10.168637316233273
900.0 -40 10.160851761357032
925.0 -40 10.15356899312301
950.0 -40 10.14674841029031
975.0000000000001 -40 10.140353280427846
1000.0 -40 10.134350318354254

25.0 -60 12.071252290990607
50.0 -60 11.903111732487448
75.0 -60 11.739222257916879
100.0 -60 11.582074665903246
125.0 -60 11.434571654098256
150.0 -60 11.299503984309828
175.0 -60 11.178242496729311
200.0 -60 11.07069463948237
225.0 -60 10.97584125986216
250.0 -60 10.892259394225695
275.0 -60 10.818460706484624
300.0 -60 10.75306435691739
325.0 -60 10.694863761122903
350.0 -60 10.642836583696916
375.0 -60 10.596129027331513
400.0 -60 10.554031325906433
425.0 -60 10.51595261119483
450.0 -60 10.481398533231065
475.0 -60 10.44995261979495
500.0 -60 10.421261281232594
525.0 -60 10.395021959142898
550.0 -60 10.370973827280013
575.0 -60 10.348890497655324
600.0 -60 10.328574274424707
625.0 -60 10.309851592980044
650.0 -60 10.292569365069529
675.0 -60 10.276592018642205
700.0 -60 10.261799073962859
725.0 -60 10.248057715786196
750.0 -60 10.235348223650655
775.0 -60 10.223508340636384
800.0 -60 10.21248628431079
825.0 -60 10.2022126064284
850.0 -60 10.192624723881913
875.0 -60 10.183666146396874
900.0 -60 10.175285803660906
925.0 -60 10.167437456763635
950.0 -60 10.160079181682116
975.0000000000001 -60 10.153172914605475
1000.0 -60 10.146684050718852

25.0 -80 12.036983381542527
50.0 -80 11.880566256356774
75.0 -80 11.727921457674436
100.0 -80 11.581269132355553
125.0 -80 11.443197033831531
150.0 -80 11.316194622248268
175.0 -80 11.201495021443195
200.0 -80 11.099037274236744
225.0 -80 11.00794279786065
250.0 -80 10.92697815504773
275.0 -80 10.854853198955349
300.0 -80 10.790372034457175
325.0 -80 10.732490200544735
350.0 -80 10.680322157724925
375.0 -80 10.633126666968534
400.0 -80 10.590284943889309
425.0 -80 10.551278669871111
450.0 -80 10.515670699220793
475.0 -80 10.483089207309453
500.0 -80 10.45321510299781
525.0 -80 10.425772199392007
550.0 -80 10.40051958256552
575.0 -80 10.377245676125678
600.0 -80 10.355763591549266
625.0 -80 10.335907446118995
650.0 -80 10.317529408557983
675.0 -80 10.300497294695345
700.0 -80 10.28469258283597
725.0 -80 10.269980297943343
750.0 -80 10.256349882674208
775.0 -80 10.243629439547746
800.0 -80 10.231769245856725
825.0 -80 10.220698572154674
850.0 -80 10.21035334594649
875.0 -80 10.200675455237269
900.0 -80 10.191612133446197
925.0 -80 10.183115414455472
950.0 -80 10.175141648657752
975.0000000000001 -80 10.167651072202503
1000.0 -80 10.160607422993262

25.0 -100 12.02026720072136
50.0 -100 11.874324626841055
75.0 -100 11.731703195130786
100.0 -100 11.594368753917028
125.0 -100 11.464614396588592
150.0 -100 11.344648432866869
175.0 -100 11.235575942609309
200.0 -100 11.137366784853244
225.0 -100 11.049275933520855
250.0 -100 10.970250012184197
275.0 -100 10.899187423233437
300.0 -100 10.835068463782992
325.0 -100 10.777003271848601
350.0 -100 10.724236792686154
375.0 -100 10.67613509166398
400.0 -100 10.632165980371523
425.0 -100 10.5918799970043
450.0 -100 10.554894054881457
475.0 -100 10.52087826506192
500.0 -100 10.489545669463572
525.0 -100 10.46064436831507
550.0 -100 10.433951507715491
575.0 -100 10.409268665714507
600.0 -100 10.386418270841197
625.0 -100 10.365240776816114
650.0 -100 10.345592391109333
675.0 -100 10.327343212077675
700.0 -100 10.310375671574546
725.0 -100 10.29455143642083
750.0 -100 10.279869133556549
775.0 -100 10.266145613236638
800.0 -100 10.253332805504837
825.0 -100 10.241358068932147
850.0 -100 10.230155265881812
875.0 -100 10.219664136860594
900.0 -100 10.209829738598549
925.0 -100 10.20060193857126
950.0 -100 10.19193495981501
975.0000000000001 -100 10.183786970670809
1000.0 -100 10.176119714923018

25.0 -120 12.021069358093728
50.0 -120 11.884352626352754
75.0 -120 11.75053398123107
100.0 -120 11.621341389982032
125.0 -120 11.498793603283119
150.0 -120 11.384837694565949
175.0 -120 11.280460106554242
200.0 -120 11.18566055053634
225.0 -120 11.099820438570777
250.0 -120 11.022056939512225
275.0 -120 10.95144734824743
300.0 -120 10.887139403423198
325.0 -120 10.82839032879946
350.0 -120 10.774569258596424
375.0 -120 10.725144325446957
400.0 -120 10.679665567884639
425.0 -120 10.637748703996232
450.0 -120 10.599061575484944
475.0 -120 10.563313530581556
500.0 -120 10.53024739079218
525.0 -120 10.499633469810982
550.0 -120 10.47126513100231
575.0 -120 10.44495545814807
600.0 -120 10.420534713976307
625.0 -120 10.397848349717288
650.0 -120 10.376755399109268
675.0 -120 10.357127142705775
700.0 -120 10.338845965814732
725.0 -120 10.3217689836428
750.0 -120 10.305904028826664
775.0 -120 10.291055093712243
800.0 -120 10.277175355648476
825.0 -120 10.264189632679761
850.0 -120 10.252029148250875
875.0 -120 10.240630971298287
900.0 -120 10.229937502961265
925.0 -120 10.2198960064151
950.0 -120 10.21045817672661
975.0000000000001 -120 10.201579747689097
1000.0 -120 10.193220133010836

25.0 -140 12.03934127564478
50.0 -140 11.910603993024974
75.0 -140 11.78437026427814
100.0 -140 11.662146615773814
125.0 -140 11.545697752638118
150.0 -140 11.436729176180725
175.0 -140 11.336117857383735
200.0 -140 11.243892249862585
225.0 -140 11.159553020772798
250.0 -140 11.082378354483822
275.0 -140 11.011614793805057
300.0 -140 10.94656879239619
325.0 -140 10.886637174724065
350.0 -140 10.831306996541604
375.0 -140 10.780143247289871
400.0 -140 10.732773847638532
425.0 -140 10.688876040277862
450.0 -140 10.648165483899925
475.0 -140 10.610388082212493
500.0 -140 10.57531409769815
525.0 -140 10.542733996820948
550.0 -140 10.51245552880413
575.0 -140 10.484301644346496
600.0 -140 10.458108966179994
625.0 -140 10.433726611668726
650.0 -140 10.411015234900537
675.0 -140 10.389846204031734
700.0 -140 10.37010086269322
725.0 -140 10.3516305864912
750.0 -140 10.33445243557366
775.0 -140 10.318355945412048
800.0 -140 10.303295136940498
825.0 -140 10.289191661658101
850.0 -140 10.275973532487496
875.0 -140 10.26357462464587
900.0 -140 10.251934206438861
925.0 -140 10.240996500316271
950.0 -140 10.230710274039854
975.0000000000001 -140 10.221028461240113
1000.0 -140 10.21190781059149

25.0 -160 12.075020303827234
50.0 -160 11.953020513444404
75.0 -160 11.833158501616973
100.0 -160 11.71673577548587
125.0 -160 11.605283219520153
150.0 -160 11.500284164513278
175.0 -160 11.402515056983468
200.0 -160 11.312031875613034
225.0 -160 11.228447335207951
250.0 -160 11.151191126853648
275.0 -160 11.079669437505984
300.0 -160 11.013338755736912
325.0 -160 10.951728066986714
350.0 -160 10.894436122369804
375.0 -160 10.841119594144324
400.0 -160 10.791479972027116
425.0 -160 10.745252395464448
450.0 -160 10.702197252344517
475.0 -160 10.66209434061826
500.0 -160 10.624739042697517
525.0 -160 10.589939932372118
550.0 -160 10.557517326464074
575.0 -160 10.52730241516961
600.0 -160 10.499136716887945
625.0 -160 10.472871692275772
650.0 -160 10.448368417267433
675.0 -160 10.4254972594388
700.0 -160 10.404137531205693
725.0 -160 10.38413368662527
750.0 -160 10.365512035716254
775.0 -160 10.348046065413035
800.0 -160 10.331690238492822
825.0 -160 10.31636241662567
850.0 -160 10.301986833046628
875.0 -160 10.288493649180712
900.0 -160 10.275818525108104
925.0 -160 10.263902207728915
950.0 -160 10.252690139563583
975.0000000000001 -160 10.242132089700082
1000.0 -160 10.232181807891969

25.0 -180 12.128029855545376
50.0 -180 12.011532128859036
75.0 -180 11.896835241048699
100.0 -180 11.78505204221488
125.0 -180 11.677499697949447
150.0 -180 11.575458495069489
175.0 -180 11.479613107242796
200.0 -180 11.390045751187404
225.0 -180 11.306473996669224
250.0 -180 11.228469588264288
275.0 -180 11.155588822265239
300.0 -180 11.087429610544588
325.0 -180 11.023645721888023
350.0 -180 10.96394143070443
375.0 -180 10.90805996425682
400.0 -180 10.855772107380798
425.0 -180 10.806867301586212
450.0 -180 10.761147604297376
475.0 -180 10.71842407035561
500.0 -180 10.678514901471218
525.0 -180 10.641244750736645
550.0 -180 10.60644469928511
575.0 -180 10.573952562251518
600.0 -180 10.543613300430978
625.0 -180 10.515279404490993
650.0 -180 10.48881118193555
675.0 -180 10.464076918689095
700.0 -180 10.440952912573954
725.0 -180 10.419275520776656
750.0 -180 10.399080326269003
775.0 -180 10.380123183686706
800.0 -180 10.362358598076908
825.0 -180 10.345700021044495
850.0 -180 10.330067339555407
875.0 -180 10.315386483516187
900.0 -180 10.301589031347891
925.0 -180 10.288611821334063
950.0 -180 10.276396574356976
975.0000000000001 -180 10.264889531910013
1000.0 -180 10.254041112110617

25.0 -200 12.19827955773459
50.0 -200 12.086057054714054
75.0 -200 11.975327211910544
100.0 -200 11.867030484629904
125.0 -200 11.762290248721254
150.0 -200 11.662202585972759
175.0 -200 11.567368974501795
200.0 -200 11.477896548572906
225.0 -200 11.393600593193412
250.0 -200 11.31418554267765
275.0 -200 11.239348364538225
300.0 -200 11.168819872519297
325.0 -200 11.102371319949654
350.0 -200 11.039806399237186
375.0 -200 10.980949820695765
400.0 -200 10.925637436903273
425.0 -200 10.873709435570877
450.0 -200 10.825006516551092
475.0 -200 10.779368381612748
500.0 -200 10.736633774292779
525.0 -200 10.696641418636387
550.0 -200 10.659231373548783
575.0 -200 10.624246478876293
600.0 -200 10.591533696810902
625.0 -200 10.560945245268632
650.0 -200 10.532339482126465
675.0 -200 10.505581538398538
700.0 -200 10.48054372066121
725.0 -200 10.457053121131974
750.0 -200 10.435154619657997
775.0 -200 10.414584863362366
800.0 -200 10.395298002367136
825.0 -200 10.377202461249185
850.0 -200 10.360213217014486
875.0 -200 10.34425145274047
900.0 -200 10.32924419397021
925.0 -200 10.315123939175404
950.0 -200 10.30182829284733
975.0000000000001 -200 10.28929960726971
1000.0 -200 10.277484637497484

25.0 -220 12.285665420387726
50.0 -220 12.176501913369993
75.0 -220 12.068551425766193
100.0 -220 11.962598140424728
125.0 -220 11.859591351729568
150.0 -220 11.760461475094337
175.0 -220 11.665735216238007
200.0 -220 11.575543307948022
225.0 -220 11.489791700784853
250.0 -220 11.40830827767165
275.0 -220 11.33092136314529
300.0 -220 11.257486263010808
325.0 -220 11.187884511606986
350.0 -220 11.122013193388657
375.0 -220 11.059773495186553
400.0 -220 11.001062163819881
425.0 -220 10.945766621857059
450.0 -220 10.893763221401295
475.0 -220 10.844917732047968
500.0 -220 10.799087187600112
525.0 -220 10.756122396564933
550.0 -220 10.715870627641396
575.0 -220 10.678178160920684
600.0 -220 10.642892532474136
625.0 -220 10.609864396237809
650.0 -220 10.578948989140542
675.0 -220 10.550007222533555
700.0 -220 10.522906442405484
725.0 -220 10.497463315685534
750.0 -220 10.47373204403631
775.0 -220 10.451428500998594
800.0 -220 10.430506087177505
825.0 -220 10.410867586687626
850.0 -220 10.39242250593971
875.0 -220 10.375086768586796
900.0 -220 10.358782378360207
925.0 -220 10.343437064762817
950.0 -220 10.328983922912496
975.0000000000001 -220 10.315361055841546
1000.0 -220 10.30251122543826

25.0 -240 12.390070022752166
50.0 -240 12.282761879885703
75.0 -240 12.1764152866209
100.0 -240 12.071674096456851
125.0 -240 11.969332962899246
150.0 -240 11.870174860380821
175.0 -240 11.774660009976467
200.0 -240 11.682941458816867
225.0 -240 11.595008899254076
250.0 -240 11.510804576597977
275.0 -240 11.43027900879301
300.0 -240 11.353403716579535
325.0 -240 11.280163423290531
350.0 -240 11.210542671243553
375.0 -240 11.14451419216448
400.0 -240 11.082031514747754
425.0 -240 11.023025835184209
450.0 -240 10.967406208976401
475.0 -240 10.915061928733607
500.0 -240 10.865866095609523
525.0 -240 10.819679640161617
550.0 -240 10.776355293205508
575.0 -240 10.73574120784836
600.0 -240 10.697684081175506
625.0 -240 10.662031724432047
650.0 -240 10.628635092983972
675.0 -240 10.597349822944164
700.0 -240 10.568037338270049
725.0 -240 10.54050272864178
750.0 -240 10.514809543639057
775.0 -240 10.490651326886004
800.0 -240 10.467980337712012
825.0 -240 10.446693110125656
850.0 -240 10.426693122599895
875.0 -240 10.407890529600392
900.0 -240 10.390201846625644
925.0 -240 10.373549607214533
950.0 -240 10.357862006031914
975.0000000000001 -240 10.34307253844378
1000.0 -240 10.329119644550573

25.0 -260 12.511362716458905
50.0 -260 12.404720840707293
75.0 -260 12.298816710624948
100.0 -260 12.19416957562319
125.0 -260 12.091438575807196
150.0 -260 11.99127714343386
175.0 -260 11.89408718444357
200.0 -260 11.80004284277258
225.0 -260 11.70921078924191
250.0 -260 11.62163873157661
275.0 -260 11.53739039421913
300.0 -260 11.45654538903087
325.0 -260 11.379184663902912
350.0 -260 11.305374388831716
375.0 -260 11.235153993097295
400.0 -260 11.1685297432599
425.0 -260 11.105473203557425
450.0 -260 11.04592322971136
475.0 -260 10.989790130238433
500.0 -260 10.936960882092375
525.0 -260 10.887304601696387
550.0 -260 10.840677756405183
575.0 -260 10.796928823771713
600.0 -260 10.755902264881486
625.0 -260 10.717441783057971
650.0 -260 10.681392903020189
675.0 -260 10.64760493993289
700.0 -260 10.615932442732468
725.0 -260 10.586167780829017
750.0 -260 10.558383879113343
775.0 -260 10.532250405364127
800.0 -260 10.507718088848977
825.0 -260 10.484676607896773
850.0 -260 10.463022859190419
875.0 -260 10.44266072131466
900.0 -260 10.42350075775562
925.0 -260 10.405459881399183
950.0 -260 10.388460997378237
975.0000000000001 -260 10.37243263676335
1000.0 -260 10.357308590760638

25.0 -280 12.649399845332432
50.0 -280 12.542251565102925
75.0 -280 12.435644255194598
100.0 -280 12.329988030421822
125.0 -280 12.225825287941465
150.0 -280 12.123697476271897
175.0 -280 12.023956253008997
200.0 -280 11.926795737867456
225.0 -280 11.832353010388688
250.0 -280 11.740772557397419
275.0 -280 11.652222525000383
300.0 -280 11.566882666013981
325.0 -280 11.484923331713977
350.0 -280 11.406486605717213
375.0 -280 11.331673861076945
400.0 -280 11.260540133659468
425.0 -280 11.193094011390551
450.0 -280 11.129301296966288
475.0 -280 11.069090848816794
500.0 -280 11.012361362185656
525.0 -280 10.958988231613533
550.0 -280 10.908829959220773
575.0 -280 10.861733818560214
600.0 -280 10.817540654701196
625.0 -280 10.776088812298568
650.0 -280 10.737217248664766
675.0 -280 10.700767922838448
700.0 -280 10.666587564796627
725.0 -280 10.634454690140855
750.0 -280 10.604451627939467
775.0 -280 10.576222635139526
800.0 -280 10.549716525425474
825.0 -280 10.524815520140287
850.0 -280 10.501409384079583
875.0 -280 10.479395216459745
900.0 -280 10.458677167788071
925.0 -280 10.439166108071444
950.0 -280 10.420779265963287
975.0000000000001 -280 10.403439853466356
1000.0 -280 10.38707668743046

25.0 -300 12.804024981629382
50.0 -300 12.695215889288477
75.0 -300 12.586777257483947
100.0 -300 12.479025243188525
125.0 -300 12.37240387164781
150.0 -300 12.267359811385294
175.0 -300 12.164202449354896
200.0 -300 12.0631448845694
225.0 -300 11.96438826067794
250.0 -300 11.86816540624195
275.0 -300 11.774740331021642
300.0 -300 11.684385172064413
325.0 -300 11.597353021609562
350.0 -300 11.513856290889496
375.0 -300 11.434053645632392
400.0 -300 11.358045004974823
425.0 -300 11.285872702800706
450.0 -300 11.217526689780405
475.0 -300 11.152951952709996
500.0 -300 11.092056784361239
525.0 -300 11.034720980171373
550.0 -300 10.980803400860475
575.0 -300 10.930148609019799
600.0 -300 10.882592471908636
625.0 -300 10.837966740177302
650.0 -300 10.796102680110353
675.0 -300 10.75683387067634
700.0 -300 10.719998288531688
725.0 -300 10.685359472001736
750.0 -300 10.653009184803247
775.0 -300 10.62256474963915
800.0 -300 10.593972682523123
825.0 -300 10.567107151067257
850.0 -300 10.541850242007335
875.0 -300 10.518091775137218
900.0 -300 10.495729029987135
925.0 -300 10.474666414032175
950.0 -300 10.454815094768103
975.0000000000001 -300 10.436092612321804
1000.0 -300 10.418422485446726

25.0 -320 12.975069178367129
50.0 -320 12.863464912946496
75.0 -320 12.752085982118194
100.0 -320 12.641169433022581
125.0 -320 12.531078849749102
150.0 -320 12.422182954998577
175.0 -320 12.31475676545161
200.0 -320 12.20903151335972
225.0 -320 12.10526631695386
250.0 -320 12.003774183295992
275.0 -320 11.904906678596776
300.0 -320 11.809020780206142
325.0 -320 11.716445832814738
350.0 -320 11.627459129010358
375.0 -320 11.542272087841496
400.0 -320 11.4610257151471
425.0 -320 11.383792885092914
450.0 -320 11.310584955765881
475.0 -320 11.24136066857086
500.0 -320 11.176035832428576
525.0 -320 11.114492799147719
550.0 -320 11.05658913917162
575.0 -320 11.00216522012229
600.0 -320 10.951050588966798
625.0 -320 10.9030691834357
650.0 -320 10.858043469094142
675.0 -320 10.815797632775805
700.0 -320 10.776159973628554
725.0 -320 10.738877939850111
750.0 -320 10.70405276202432
775.0 -320 10.671273317378144
800.0 -320 10.640483445807043
825.0 -320 10.611548669247428
850.0 -320 10.584342854351277
875.0 -320 10.558748045051752
900.0 -320 10.53465419502665
925.0 -320 10.511958832295871
950.0 -320 10.490566680890307
975.0000000000001 -320 10.470389258321344
1000.0 -320 10.45134446332788

25.0 -340 13.162351237621628
50.0 -340 13.046839208090956
75.0 -340 12.931431778198995
100.0 -340 12.816301369341565
125.0 -340 12.701748575836607
150.0 -340 12.588080623638028
175.0 -340 12.475545991792238
200.0 -340 12.364393373931206
225.0 -340 12.254934056622597
250.0 -340 12.14755336324249
275.0 -340 12.042682383264513
300.0 -340 11.940755622022648
325.0 -340 11.842172376928785
350.0 -340 11.747269526927072
375.0 -340 11.656306825655093
400.0 -340 11.569462665433209
425.0 -340 11.486837332408822
450.0 -340 11.408460914145468
475.0 -340 11.334303584011655
500.0 -340 11.264286627692483
525.0 -340 11.198293143653895
550.0 -340 11.136177792199293
575.0 -340 11.077775286289326
600.0 -340 11.022907530644355
625.0 -340 10.971389448478686
650.0 -340 10.923033609700036
675.0 -340 10.877653809479767
700.0 -340 10.835067755999637
725.0 -340 10.795005705646213
750.0 -340 10.757578389998212
775.0 -340 10.722344742335695
800.0 -340 10.689245551837272
825.0 -340 10.658137107871065
850.0 -340 10.62888451936344
875.0 -340 10.601361561716358
900.0 -340 10.575450411181725
925.0 -340 10.551041302251688
950.0 -340 10.528032135679448
975.0000000000001 -340 10.506328057821216
1000.0 -340 10.485841027362314

25.0 -360 13.365677994250168
50.0 -360 13.24516904005182
75.0 -360 13.124667245373239
100.0 -360 13.004294492083988
125.0 -360 12.88430531927336
150.0 -360 12.764961503953115
175.0 -360 12.646492759959882
200.0 -360 12.52916476605392
225.0 -360 12.413335480523164
250.0 -360 12.299455007621521
275.0 -360 12.188026223222245
300.0 -360 12.079554098273015
325.0 -360 11.974501786421204
350.0 -360 11.873260620558126
375.0 -360 11.776134399529674
400.0 -360 11.683335305014538
425.0 -360 11.594987989531942
450.0 -360 11.51113865893545
475.0 -360 11.431766650253866
500.0 -360 11.356796731174203
525.0 -360 11.286110974000898
550.0 -360 11.219559539745077
575.0 -360 11.156970052742347
600.0 -360 11.098155475143457
625.0 -360 11.042920532357295
650.0 -360 10.991066819192497
675.0 -360 10.942396752857505
700.0 -360 10.896716548382653
725.0 -360 10.853738180399862
750.0 -360 10.813581917654753
775.0 -360 10.775775264352017
800.0 -360 10.740255588423505
825.0 -360 10.706869365076637
850.0 -360 10.675472412437825
875.0 -360 10.6459297486906
900.0 -360 10.618115324519833
925.0 -360 10.591911669839224
950.0 -360 10.567209484913363
975.0000000000001 -360 10.543907198665629
1000.0 -360 10.521910511699028

25.0 -380 13.584844614911722
50.0 -380 13.458274600401188
75.0 -380 13.33163640902408
100.0 -380 13.205015038520779
125.0 -380 13.07863535487462
150.0 -380 12.952729315844719
175.0 -380 12.827515587486168
200.0 -380 12.70327657204677
225.0 -380 12.58041173699441
250.0 -380 12.459428783063176
275.0 -380 12.340894953442836
300.0 -380 12.225378889996197
325.0 -380 12.113401723515521
350.0 -380 12.005404282053604
375.0 -380 11.90173025824193
400.0 -380 11.802622135818327
425.0 -380 11.708225975883703
450.0 -380 11.618601562255641
475.0 -380 11.533735184891892
500.0 -380 11.453553145938178
525.0 -380 11.37793475766546
550.0 -380 11.306724125044795
575.0 -380 11.239740376914776
600.0 -380 11.17678625530886
625.0 -380 11.117655123767564
650.0 -380 11.062136538882315
675.0 -380 11.01002056745297
700.0 -380 10.961101040996462
725.0 -380 10.9150705747378
750.0 -380 10.87205901292728
775.0 -380 10.831560959542939
800.0 -380 10.793509994990004
825.0 -380 10.75774220424859
850.0 -380 10.724103586384418
875.0 -380 10.692449917807146
900.0 -380 10.662646479129952
925.0 -380 10.63456768773722
950.0 -380 10.608096668942553
975.0000000000001 -380 10.583124790335091
1000.0 -380 10.559551178499312

