25.0 0 9.999999999998623
50.0 0 9.999999999998623
75.0 0 9.99999999999804
100.0 0 9.999999999998623
125.0 0 9.999999999998623
150.0 0 9.999999999998735
175.0 0 9.999999999999597
200.0 0 9.999999999998623
225.0 0 9.999999999998039
250.0 0 9.999999999998623
275.0 0 9.999999999999579
300.0 0 9.999999999998735
325.0 0 9.999999999998735
350.0 0 9.999999999998828
375.0 0 9.999999999999579
400.0 0 9.999999999998623
425.0 0 9.999999999997764
450.0 0 9.999999999999575
475.0 0 9.999999999999082
500.0 0 9.999999999998623
525.0 0 9.999999999998302
550.0 0 9.999999999999579
575.0 0 9.999999999998302
600.0 0 9.999999999998066
625.0 0 9.999999999998622
650.0 0 9.999999999998735
675.0 0 9.999999999998304
700.0 0 9.999999999998828
725.0 0 9.999999999998996
750.0 0 9.999999999999579
775.0 0 9.999999999997932
800.0 0 9.999999999998623
825.0 0 9.999999999999577
850.0 0 9.999999999997764
875.0 0 9.999999999999597
900.0 0 9.999999999997451
925.0 0 9.999999999998611
950.0 0 9.999999999997215
975.0000000000001 0 9.999999999998737
1000.0 0 9.999999999998623

25.0 40 10.029600550144204
50.0 40 10.008107967262358
75.0 40 10.00400323282092
100.0 40 10.00250586581364
125.0 40 10.001768998632212
150.0 40 10.001337080950021
175.0 40 10.001054455262457
200.0 40 10.000855783100816
225.0 40 10.000709214892309
250.0 40 10.000597339550797
275.0 40 10.000509761417176
300.0 40 10.000439843199338
325.0 40 10.000383126784168
350.0 40 10.000336500053132
375.0 40 10.000297724435015
400.0 40 10.000265150835432
425.0 40 10.000237540574258
450.0 40 10.000213947789753
475.0 40 10.000193639969723
500.0 40 10.000176042838346
525.0 40 10.000160701059855
550.0 40 10.000147250163606
575.0 40 10.000135395633633
600.0 40 10.000124897592524
625.0 40 10.00011555912604
650.0 40 10.000107217428868
675.0 40 10.000099737049949
700.0 40 10.00009300456567
725.0 40 10.00008600283103
750.0 40 10.000081415860235
775.0 40 10.000076409956296
800.0 40 10.000071847900552
825.0 40 10.00006767914754
850.0 40 10.000063860100658
875.0 40 10.00006035298575
900.0 40 10.00005712498344
925.0 40 10.000054147427239
950.0 40 10.00005139523279
975.0000000000001 40 10.00004884635583
1000.0 40 10.000046481365128

25.0 80 10.115177673963487
50.0 80 10.032166067620476
75.0 80 10.015939706371823
100.0 80 10.009991147847403
125.0 80 10.007058290219215
150.0 80 10.005337483791745
175.0 80 10.004210736693297
200.0 80 10.003418296552525
225.0 80 10.002833450408726
250.0 80 10.00238689204409
275.0 80 10.00203722269001
300.0 80 10.001757999692144
325.0 80 10.001531455701432
350.0 80 10.001345183126361
375.0 80 10.001190254226298
400.0 80 10.001060090464385
425.0 80 10.000949748984622
450.0 80 10.000855454696506
475.0 80 10.000774283482384
500.0 80 10.000703942247844
525.0 80 10.00064261292951
550.0 80 10.000588839688064
575.0 80 10.000541446230875
600.0 80 10.000499474223263
625.0 80 10.000462136926595
650.0 80 10.000428783916755
675.0 80 10.000398873885395
700.0 80 10.000371953572163
725.0 80 10.000343956004505
750.0 80 10.00032561378542
775.0 80 10.000305596063864
800.0 80 10.000287352886556
825.0 80 10.000270682214909
850.0 80 10.000255409775757
875.0 80 10.000241384602418
900.0 80 10.000228475400752
925.0 80 10.000216567667863
950.0 80 10.0002055610662
975.0000000000001 80 10.00019536747912
1000.0 80 10.000185909213831

25.0 120 10.247554978120606
50.0 120 10.07139017594228
75.0 120 10.035592082611153
100.0 120 10.022359706521632
125.0 120 10.015815124080277
150.0 120 10.011968872856508
175.0 120 10.00944769223848
200.0 120 10.007673091213812
225.0 120 10.006362514083103
250.0 120 10.005361280797539
275.0 120 10.004576928736334
300.0 120 10.003950359541937
325.0 120 10.003441838794933
350.0 120 10.003023602294702
375.0 120 10.002675661976804
400.0 120 10.002383282243585
425.0 120 10.002135386654079
450.0 120 10.001923512320593
475.0 120 10.001741101893666
500.0 120 10.001583011597543
525.0 120 10.001445162111967
550.0 120 10.001324286135615
575.0 120 10.001217743192894
600.0 120 10.00112338167275
625.0 120 10.001039434919878
650.0 120 10.00096444219004
675.0 120 10.000897187613305
700.0 120 10.00083665303443
725.0 120 10.000773693652397
750.0 120 10.0007324448944
775.0 120 10.00068742707551
800.0 120 10.000646398842285
825.0 120 10.000608906130681
850.0 120 10.00057455720203
875.0 120 10.000543012742678
900.0 120 10.000513977722155
925.0 120 10.00048719460709
950.0 120 10.000462437923224
975.0000000000001 120 10.000439509510823
1000.0 120 10.000418234751708

25.0 160 10.412999417013841
50.0 160 10.124516797953582
75.0 160 10.06260580715546
100.0 160 10.03945396597273
125.0 160 10.027952777753553
150.0 160 10.021177964761373
175.0 160 10.01673040301897
200.0 160 10.013596278616074
225.0 160 10.011279534949066
250.0 160 10.009508283884937
275.0 160 10.008119834341068
300.0 160 10.007010103386014
325.0 160 10.006109050032196
350.0 160 10.005367693514117
375.0 160 10.004750745251878
400.0 160 10.004232172288772
425.0 160 10.003792394480602
450.0 160 10.003416443823028
475.0 160 10.003092717086393
500.0 160 10.002812108636606
525.0 160 10.00256739445092
550.0 160 10.002352786689261
575.0 160 10.002163606492177
600.0 160 10.001996040297083
625.0 160 10.001846956192256
650.0 160 10.00171376393488
675.0 160 10.001594307216667
700.0 160 10.001486779978482
725.0 160 10.001374939536946
750.0 160 10.00130166123169
775.0 160 10.00122168444736
800.0 160 10.001148792394588
825.0 160 10.001082179176098
850.0 160 10.001021149426156
875.0 160 10.000965100782214
900.0 160 10.000913509414916
925.0 160 10.000865918132863
950.0 160 10.00082192653141
975.0000000000001 160 10.00078118278847
1000.0 160 10.000743376768032

25.0 200 10.595240594320497
50.0 200 10.189865111815473
75.0 200 10.096500233877594
100.0 200 10.061058788092875
125.0 200 10.043352308663083
150.0 200 10.032891424865124
175.0 200 10.026010677004793
200.0 200 10.0211548170907
225.0 200 10.01756113618515
250.0 200 10.014810941857354
275.0 200 10.012653373247277
300.0 200 10.01092774810094
325.0 200 10.00952581607679
350.0 200 10.008371796812588
375.0 200 10.00741104146819
400.0 200 10.006603199971266
425.0 200 10.00591790051578
450.0 200 10.005331909568138
475.0 200 10.004827205606626
500.0 200 10.004389638674168
525.0 200 10.004007977533389
550.0 200 10.00367322002587
575.0 200 10.003378086146325
600.0 200 10.003116640289177
625.0 200 10.002884006376679
650.0 200 10.002676150572254
675.0 200 10.002489714044332
700.0 200 10.002321882906886
725.0 200 10.002147307487073
750.0 200 10.002032916135098
775.0 200 10.00190806256073
800.0 200 10.00179426314031
825.0 200 10.00169026125549
850.0 200 10.001594972536337
875.0 200 10.001507457518047
900.0 200 10.00142689912747
925.0 200 10.001352584199772
950.0 200 10.001283888077362
975.0000000000001 200 10.001220261828996
1000.0 200 10.00116122158732

25.0 240 10.77771435881196
50.0 240 10.265417984587511
75.0 240 10.136683446708803
100.0 240 10.086906680349598
125.0 240 10.061864925472683
150.0 240 10.047017087935776
175.0 240 10.037227724300973
200.0 240 10.030306904657769
225.0 240 10.02517767281248
250.0 240 10.02124770631333
275.0 240 10.018161553823068
300.0 240 10.015691209868741
325.0 240 10.013682858919733
350.0 240 10.012028685638388
375.0 240 10.010650848538793
400.0 240 10.00949181274621
425.0 240 10.008508230658306
450.0 240 10.007666915021085
475.0 240 10.006942104542498
500.0 240 10.006313559062614
525.0 240 10.005765204116763
550.0 240 10.00528414898548
575.0 240 10.004859964289208
600.0 240 10.004484143220639
625.0 240 10.004149694929103
650.0 240 10.003850834264426
675.0 240 10.00358274270743
700.0 240 10.003341382488502
725.0 240 10.003090301917881
750.0 240 10.00292576466687
775.0 240 10.002746169150395
800.0 240 10.002582463962316
825.0 240 10.00243284411972
850.0 240 10.002295751892849
875.0 240 10.00216983746907
900.0 240 10.00205392680614
925.0 240 10.001946994983497
950.0 240 10.00184814422437
975.0000000000001 240 10.001756585505069
1000.0 240 10.001671623234941

25.0 280 10.945599956586879
50.0 280 10.34891662658491
75.0 280 10.182470083175213
100.0 280 10.116684135501611
125.0 280 10.083314902801355
150.0 280 10.063445470007867
175.0 280 10.050308998628362
200.0 280 10.04100247092145
225.0 280 10.034093530493665
250.0 280 10.028792627399524
275.0 280 10.024625079952246
300.0 280 10.021285884143754
325.0 280 10.018568949942644
350.0 280 10.016329604228897
375.0 280 10.014463251118231
400.0 280 10.012892484886814
425.0 280 10.011558922316253
450.0 280 10.010417820792004
475.0 280 10.009434419062675
500.0 280 10.008581384852198
525.0 280 10.007836996454717
550.0 280 10.007183823915204
575.0 280 10.006607757795136
600.0 280 10.006097284123063
625.0 280 10.005642936768018
650.0 280 10.005236879219598
675.0 280 10.004872582129247
700.0 280 10.004544572420723
725.0 280 10.004203318513033
750.0 280 10.003979664225195
775.0 280 10.003735525764789
800.0 280 10.003512971389542
825.0 280 10.003309551696006
850.0 280 10.003123152388405
875.0 280 10.002951941129043
900.0 280 10.002794323922336
925.0 280 10.002648909071228
950.0 280 10.002514477352491
975.0000000000001 280 10.002389957115788
1000.0 280 10.002274403527187

25.0 320 11.087309022944348
50.0 320 10.437962726887749
75.0 320 10.233101342646842
100.0 320 10.150038862900457
125.0 320 10.10750294691288
150.0 320 10.082051531401964
175.0 320 10.065171186251485
200.0 320 10.053183758751203
225.0 320 10.044267480618684
250.0 320 10.0374155773778
275.0 320 10.03202149574957
300.0 320 10.027694741657347
325.0 320 10.024170974970666
350.0 320 10.021264312567618
375.0 320 10.01884015229464
400.0 320 10.016798740211026
425.0 320 10.015064740914811
450.0 320 10.013580354855584
475.0 320 10.012300631554634
500.0 320 10.011190195733727
525.0 320 10.010220911605767
550.0 320 10.00937018676014
575.0 320 10.008619721444434
600.0 320 10.007954574013638
625.0 320 10.007362454267298
650.0 320 10.006833183319786
675.0 320 10.006358276834066
700.0 320 10.005930620466478
725.0 320 10.00548564505589
750.0 320 10.005193975210222
775.0 320 10.004875568339118
800.0 320 10.004585286166158
825.0 320 10.004319940504347
850.0 320 10.004076778811116
875.0 320 10.003853415185798
900.0 320 10.003647773707401
925.0 320 10.003458041645853
950.0 320 10.003282630680504
975.0000000000001 320 10.003120144590765
1000.0 320 10.002969352181358

25.0 360 11.195269742895599
50.0 360 10.530121582493647
75.0 360 10.287766290799953
100.0 360 10.186587645011482
125.0 360 10.134209908395725
150.0 360 10.102696645016387
175.0 360 10.081721320535355
200.0 360 10.066785984782953
225.0 360 10.055653085917642
250.0 360 10.04708250732806
275.0 360 10.040325352340867
300.0 360 10.03489843929487
325.0 360 10.030474009692412
350.0 360 10.026821138687266
375.0 360 10.023772310499707
400.0 360 10.021203178557004
425.0 360 10.019019699207034
450.0 360 10.01714962677997
475.0 360 10.01553671225442
500.0 360 10.01413664406763
525.0 360 10.01291414762432
550.0 360 10.011840875850812
575.0 360 10.010893851702953
600.0 360 10.010054302867944
625.0 360 10.009306779623518
650.0 360 10.008638479998924
675.0 360 10.008038728470428
700.0 360 10.007498569722076
725.0 360 10.006936462415162
750.0 360 10.006567961899037
775.0 360 10.006165647921978
800.0 360 10.00579883375472
825.0 360 10.005463500147368
850.0 360 10.005156176246633
875.0 360 10.004873852914962
900.0 360 10.00461391144267
925.0 360 10.004374064738995
950.0 360 10.00415230851746
975.0000000000001 360 10.003946880628934
1000.0 360 10.00375622699636

25.0 400 11.266055203923452
50.0 400 10.623019936710232
75.0 400 10.345623553616646
100.0 400 10.225924540313486
125.0 400 10.163200730489185
150.0 400 10.125230719962303
175.0 400 10.099857998135484
200.0 400 10.081738066574793
225.0 400 10.068199150148603
250.0 400 10.057755733323456
275.0 400 10.049508394654627
300.0 400 10.042875444903622
325.0 400 10.037461404708743
350.0 400 10.032987037767864
375.0 400 10.029249381299865
400.0 400 10.026097505825264
425.0 400 10.023417079184453
450.0 400 10.021120143970196
475.0 400 10.019138131432328
500.0 400 10.017416964163022
525.0 400 10.015913550612396
550.0 400 10.014593231403207
575.0 400 10.013427891010247
600.0 400 10.012394542967256
625.0 400 10.011474257541998
650.0 400 10.010651340401044
675.0 400 10.009912697561434
700.0 400 10.009247340011639
725.0 400 10.008554845671258
750.0 400 10.008100793378286
775.0 400 10.007605031434657
800.0 400 10.007152965044927
825.0 400 10.00673965386204
850.0 400 10.006360830552294
875.0 400 10.006012794561451
900.0 400 10.005692324801586
925.0 400 10.005396607526654
950.0 400 10.005123176470676
975.0000000000001 400 10.004869862940833
1000.0 400 10.004634754034363

25.0 440 11.300043995305355
50.0 440 10.714432971763872
75.0 440 10.405822528514383
100.0 440 10.267629155057142
125.0 440 10.194228519077132
150.0 440 10.149494428290588
175.0 440 10.119472671197771
200.0 440 10.097963403281284
225.0 440 10.081850204919668
250.0 440 10.069394248305978
275.0 440 10.059539766068402
300.0 440 10.051602174511912
325.0 440 10.045114879468638
350.0 440 10.039747657616177
375.0 440 10.035259963842224
400.0 440 10.031472567449091
425.0 440 10.028249456534304
450.0 440 10.02548582977806
475.0 440 10.023099872986988
500.0 440 10.021026982574096
525.0 440 10.019215622673098
550.0 440 10.017624301644336
575.0 440 10.016219332561072
600.0 440 10.014973152741895
625.0 440 10.013863048262484
650.0 440 10.012870175814033
675.0 440 10.01197880547866
700.0 440 10.011175729503929
725.0 440 10.010339765389086
750.0 440 10.009791544643637
775.0 440 10.009192902586873
800.0 440 10.008646957061009
825.0 440 10.008147759138907
850.0 440 10.007690168858204
875.0 440 10.007269727780157
900.0 440 10.006882554230197
925.0 440 10.006525256648503
950.0 440 10.006194861746856
975.0000000000001 440 10.005888754469378
1000.0 440 10.005604627816705

25.0 480 11.300827491499822
50.0 480 10.80235608763072
75.0 480 10.467523322301423
100.0 480 10.31127472043069
125.0 480 10.227038622224457
150.0 480 10.175321482015747
175.0 480 10.140450989277129
200.0 480 10.11538069610495
225.0 480 10.096547026107269
250.0 480 10.081954055413862
275.0 480 10.07038622850751
300.0 480 10.061053140708488
325.0 480 10.053414624209198
350.0 480 10.047087409977888
375.0 480 10.0417916515649
400.0 480 10.037318385007673
425.0 480 10.033508727485774
450.0 480 10.030240043439093
475.0 480 10.027416449430147
500.0 480 10.02496212949066
525.0 480 10.022816530649964
550.0 480 10.020930849621626
575.0 480 10.019265425660455
600.0 480 10.017787780937635
625.0 480 10.016471130921442
650.0 480 10.015293240357334
675.0 480 10.014235536596072
700.0 480 10.013282416478361
725.0 480 10.012290089018382
750.0 480 10.01163919778957
775.0 480 10.010928362871333
800.0 480 10.010280013836969
825.0 480 10.009687108429834
850.0 480 10.009143560177641
875.0 480 10.008644088146271
900.0 480 10.008184093357208
925.0 480 10.007759556577476
950.0 480 10.007366953452939
975.0000000000001 480 10.007003183658618
1000.0 480 10.00666551155429

25.0 520 11.274511094294766
50.0 520 10.88505861626378
75.0 520 10.529914747433393
100.0 520 10.356435737443961
125.0 520 10.261372613322706
150.0 520 10.20254090883174
175.0 520 10.162674164467884
200.0 520 10.133904794465474
225.0 520 10.112227172260907
250.0 520 10.095388518496085
275.0 520 10.082012395433752
300.0 520 10.071201110572519
325.0 520 10.062339408997419
350.0 520 10.054989547110251
375.0 520 10.048831086820819
400.0 520 10.043624195789844
425.0 520 10.039186137856072
450.0 520 10.035375601670497
475.0 520 10.032081918143595
500.0 520 10.02921745113692
525.0 520 10.02671211566616
550.0 520 10.024509360613568
575.0 520 10.022563181521978
600.0 520 10.020835871263472
625.0 520 10.019296307212048
650.0 520 10.01791863393452
675.0 520 10.016681240707653
700.0 520 10.015565961272317
725.0 520 10.014404582459823
750.0 520 10.013642643328172
775.0 520 10.01281043265489
800.0 520 10.012051267287829
825.0 520 10.011356929902153
850.0 520 10.010720316052591
875.0 520 10.010135259680744
900.0 520 10.009596389465118
925.0 520 10.00909900997813
950.0 520 10.008639002945243
975.0000000000001 520 10.008212744760517
1000.0 520 10.007817037407706

25.0 560 11.228959428368498
50.0 560 10.961118295209316
75.0 560 10.592229858737051
100.0 560 10.40269498666814
125.0 560 10.296972081668647
150.0 560 10.230979277772873
175.0 560 10.18602033412554
200.0 560 10.15344755396902
225.0 560 10.128825537148245
250.0 560 10.10964872529839
275.0 560 10.094380975173312
300.0 560 10.082017271672573
325.0 560 10.071866698880735
350.0 560 10.063436242982071
375.0 560 10.056364019044038
400.0 560 10.050378495039897
425.0 560 10.045272314147907
450.0 560 10.040884801868206
475.0 560 10.037089898885514
500.0 560 10.033787623102294
525.0 560 10.03089790341232
550.0 560 10.02835605012014
575.0 560 10.026109379565199
600.0 560 10.024114667320541
625.0 560 10.022336205368909
650.0 560 10.020744305439987
675.0 560 10.019314135590422
700.0 560 10.018024808396515
725.0 560 10.016681911715574
750.0 560 10.01580068161597
775.0 560 10.014838052360474
800.0 560 10.013959778227141
825.0 560 10.013156388266557
850.0 560 10.012419691233815
875.0 560 10.011742575459435
900.0 560 10.011118843997664
925.0 560 10.01054307818909
950.0 560 10.010010524170713
975.0000000000001 560 10.009516998119462
1000.0 560 10.009058806753332

25.0 600 11.172972490071377
50.0 600 11.029436965748726
75.0 600 10.653758680191139
100.0 600 10.449649741716371
125.0 600 10.333582147345727
150.0 600 10.260462830171946
175.0 600 10.210365896680173
200.0 600 10.173918692483802
225.0 600 10.14627490872531
250.0 600 10.12468385882131
275.0 600 10.107453021865979
300.0 600 10.093471404410776
325.0 600 10.08197277421521
350.0 600 10.072408678526385
375.0 600 10.064375366018762
400.0 600 10.057569080619553
425.0 600 10.05175729652563
450.0 600 10.046759446740843
475.0 600 10.04243359241041
500.0 600 10.038666964605738
525.0 600 10.035369115119396
550.0 600 10.032466872447115
575.0 600 10.029900574143161
600.0 600 10.027621217974657
625.0 600 10.025588284419992
650.0 600 10.023768056183433
675.0 600 10.022132309814662
700.0 600 10.020657288811195
725.0 600 10.019120644723085
750.0 600 10.01811202440979
775.0 600 10.017010083754094
800.0 600 10.016004537424575
825.0 600 10.01508458569632
850.0 600 10.014240884459149
875.0 600 10.01346531824416
900.0 600 10.012750813105386
925.0 600 10.012091181650174
950.0 600 10.011480994107673
975.0000000000001 600 10.010915470545816
1000.0 600 10.010390390479806

25.0 640 11.115381871749758
50.0 640 11.089239385662525
75.0 640 10.71385794249704
100.0 640 10.496917070845232
125.0 640 10.3709546322741
150.0 640 10.290819476762342
175.0 640 10.235586798150514
200.0 640 10.195226631465056
225.0 640 10.164506526932461
250.0 640 10.140441572434018
275.0 640 10.12118819133555
300.0 640 10.105532059174237
325.0 640 10.092632855021165
350.0 640 10.081887130242489
375.0 640 10.072849277852445
400.0 640 10.065183099798036
425.0 640 10.058630573463695
450.0 640 10.05299087029499
475.0 640 10.048105800155152
500.0 640 10.043849453527418
525.0 640 10.040120679242147
550.0 640 10.036837529786608
575.0 640 10.033933101695304
600.0 640 10.031352383040636
625.0 640 10.029049838759228
650.0 640 10.026987543549705
675.0 640 10.025133725697428
700.0 640 10.023461622341232
725.0 640 10.02171925326862
750.0 640 10.020575296491971
775.0 640 10.019325311314327
800.0 640 10.018184466755033
825.0 640 10.017140562758268
850.0 640 10.016183039249338
875.0 640 10.015302721177413
900.0 640 10.0144916082149
925.0 640 10.01374270042239
950.0 640 10.013049853148786
975.0000000000001 640 10.012407655672781
1000.0 640 10.011811329305006

25.0 680 11.064111332233441
50.0 680 11.140058112534064
75.0 680 10.771957815316851
100.0 680 10.5441381576459
125.0 680 10.408850835947813
150.0 680 10.32188062793092
175.0 680 10.26155974924818
200.0 680 10.217279310448067
225.0 680 10.18345063321512
250.0 680 10.15686836434443
275.0 680 10.13554499929313
300.0 680 10.118166736564255
325.0 680 10.103821228471304
350.0 680 10.091851061480783
375.0 680 10.081769203208246
400.0 680 10.073207097899262
425.0 680 10.065881117919112
450.0 680 10.059569964995106
475.0 680 10.054098944886256
500.0 680 10.049328742275135
525.0 680 10.045147243702171
550.0 680 10.041463481818777
575.0 680 10.038203088325659
600.0 680 10.035304839273081
625.0 680 10.032718002932707
650.0 680 10.030400284901758
675.0 680 10.028316222469101
700.0 680 10.026435920270472
725.0 680 10.024476115063576
750.0 680 10.023189037456563
775.0 680 10.021782443693066
800.0 680 10.020498420419392
825.0 680 10.019323299468482
850.0 680 10.018245244781678
875.0 680 10.017253968516826
900.0 680 10.016340496669674
925.0 680 10.015496974706014
950.0 680 10.014716505601733
975.0000000000001 680 10.013993014351257
1000.0 680 10.013321134129194

25.0 720 11.025313426389053
50.0 720 11.181708035593354
75.0 720 10.827565762985488
100.0 720 10.59098161681063
125.0 720 10.44704388134086
150.0 720 10.353482831015123
175.0 720 10.28816335588841
200.0 720 10.239984963896928
225.0 720 10.203037004945408
250.0 720 10.173909947285003
275.0 720 10.150481079195574
300.0 720 10.131342069109191
325.0 720 10.115511378344058
350.0 720 10.102279215772976
375.0 720 10.091117957360918
400.0 720 10.081627068502193
425.0 720 10.07349742474733
450.0 720 10.066487209988022
475.0 720 10.060405092179302
500.0 720 10.055098174310494
525.0 720 10.050443188744627
550.0 720 10.046339955761598
575.0 720 10.042706457737633
600.0 720 10.03947508670429
625.0 720 10.036589756735122
650.0 720 10.034003661663915
675.0 720 10.031677519596924
700.0 720 10.029578188056185
725.0 720 10.027389515900317
750.0 720 10.025951703536276
775.0 720 10.024380115253766
800.0 720 10.022945186223573
825.0 720 10.021631716348491
850.0 720 10.020426536805504
875.0 720 10.019318196393305
900.0 720 10.01829670238943
925.0 720 10.017353305424436
950.0 720 10.016480320144037
975.0000000000001 720 10.015670975070734
1000.0 720 10.014919286382478

25.0 760 11.002730173224075
50.0 760 11.214254294350967
75.0 760 10.880267771532141
100.0 760 10.637145822019924
125.0 760 10.485320613389737
150.0 760 10.385469195677501
175.0 760 10.315279148849134
200.0 760 10.26325285085391
225.0 760 10.223195468668727
250.0 760 10.191511609531837
275.0 760 10.165953437352817
300.0 760 10.145024002857564
325.0 760 10.12767611549154
350.0 760 10.113149711515499
375.0 760 10.100877791616005
400.0 760 10.090428504876964
425.0 760 10.081467549243564
450.0 760 10.073732700258347
475.0 760 10.067015972705457
500.0 760 10.061150801331776
525.0 760 10.056002640284134
550.0 760 10.051461956856452
575.0 760 10.047438939532551
600.0 760 10.043859455259737
625.0 760 10.040661930496348
650.0 760 10.037794923611319
675.0 760 10.0352152202873
700.0 760 10.032886328198453
725.0 760 10.030457651941672
750.0 760 10.028861669566558
775.0 760 10.02711688770438
800.0 760 10.02552348696406
825.0 760 10.024064675594667
850.0 760 10.022725898599226
875.0 760 10.021494493662093
900.0 760 10.020359406566444
925.0 760 10.01931095480284
950.0 760 10.018340630345321
975.0000000000001 760 10.017440934399952
1000.0 760 10.016605238413016

25.0 800 10.99740707646493
50.0 800 11.237977066226248
75.0 800 10.929727283737108
100.0 800 10.682360298426307
125.0 800 10.52348304801882
150.0 800 10.417690595517092
175.0 800 10.34279250172977
200.0 800 10.286993929345497
225.0 800 10.243856386622443
250.0 800 10.209618563559822
275.0 800 10.181918702848723
300.0 800 10.159177977322205
325.0 800 10.14028770827187
350.0 800 10.124440137304315
375.0 800 10.111030463668357
400.0 800 10.099596452406088
425.0 800 10.089779146551763
450.0 800 10.081296176546228
475.0 800 10.07392300514459
500.0 800 10.067479400974758
525.0 800 10.061819483740905
550.0 800 10.056824279245431
575.0 800 10.052396077808487
600.0 800 10.0484541116172
625.0 800 10.044931210629654
650.0 800 10.041771193350785
675.0 800 10.038926815118545
700.0 800 10.036358143215516
725.0 800 10.033678632104335
750.0 800 10.031917231040008
775.0 800 10.029991251795375
800.0 800 10.028231981831643
825.0 800 10.026620982256004
850.0 800 10.025142262004618
875.0 800 10.023781902739763
900.0 800 10.02252774839179
925.0 800 10.02136914701053
950.0 800 10.020296735210001
975.0000000000001 800 10.019302257443714
1000.0 800 10.018378413892306

25.0 840 11.007820633708889
50.0 840 11.25333612590482
75.0 840 10.975682235634617
100.0 840 10.726386260779588
125.0 840 10.561349384095587
150.0 840 10.450006640883876
175.0 840 10.370593429475685
200.0 840 10.311121469023671
225.0 840 10.264951111844995
250.0 840 10.228176279156964
275.0 840 10.198333370132234
300.0 840 10.173769102293587
325.0 840 10.153318012017497
350.0 840 10.136127647333161
375.0 840 10.121557308436746
400.0 840 10.109115561620635
425.0 840 10.098419511735946
450.0 840 10.089167055889765
475.0 840 10.081117319686093
500.0 840 10.07407649505792
525.0 840 10.067887378280945
550.0 840 10.062421517175125
575.0 840 10.057573240102492
600.0 840 10.053255066357613
625.0 840 10.049394145365167
650.0 840 10.045929470985827
675.0 840 10.042809685857739
700.0 840 10.039991338778544
725.0 840 10.037050480572722
750.0 840 10.035116606210929
775.0 840 10.033001629107321
800.0 840 10.031069267911592
825.0 840 10.02929938551671
850.0 840 10.027674508466877
875.0 840 10.026179420506635
900.0 840 10.024800825839657
925.0 840 10.02352706881875
950.0 840 10.02234789975188
975.0000000000001 840 10.021254278354712
1000.0 840 10.020238208229312

25.0 880 11.030386057092752
50.0 880 11.260937298031399
75.0 880 11.017940614000455
100.0 880 10.76901639921104
125.0 880 10.598754602545524
150.0 880 10.482286424275529
175.0 880 10.398577263040183
200.0 880 10.335551597178382
225.0 880 10.286412407865011
250.0 880 10.247130798035506
275.0 880 10.215154032262744
300.0 880 10.188762330193002
325.0 880 10.166738596547864
350.0 880 10.148189056197777
375.0 880 10.132439308955417
400.0 880 10.118970141612579
425.0 880 10.10737562035425
450.0 880 10.097334462679772
475.0 880 10.088589781978914
500.0 880 10.080934368193024
525.0 880 10.074199771412237
550.0 880 10.06824807656599
575.0 880 10.062965626534151
600.0 880 10.058258181305439
625.0 880 10.05404715068082
650.0 880 10.050266638909498
675.0 880 10.046861109374467
700.0 880 10.04378352693413
725.0 880 10.040571139367437
750.0 880 10.038457938352261
775.0 880 10.036146373887865
800.0 880 10.03403388174106
825.0 880 10.032098579978447
850.0 880 10.030321470158459
875.0 880 10.02868599927862
900.0 880 10.027177696464284
925.0 880 10.025783870277671
950.0 880 10.024493355557928
975.0000000000001 880 10.023296300816938
1000.0 880 10.022183989022519

25.0 920 11.060228240759745
50.0 920 11.261502070549799
75.0 920 11.056374952958114
100.0 920 10.810074028274531
125.0 920 10.635550686915872
150.0 920 10.514409045361631
175.0 920 10.426645198776146
200.0 920 10.360203774684596
225.0 920 10.30817482980194
250.0 920 10.266429027538495
275.0 920 10.232337602993447
300.0 920 10.204122622641155
325.0 920 10.18052087091285
350.0 920 10.16060093244918
375.0 920 10.143657166904598
400.0 920 10.12914421352249
425.0 920 10.116634169248847
450.0 920 10.105787260023007
475.0 920 10.096331017429733
500.0 920 10.088045086762758
525.0 920 10.080749913908084
550.0 920 10.07429818678317
575.0 920 10.068568279255317
600.0 920 10.06345917709169
625.0 920 10.058886516417834
650.0 920 10.05477946680009
675.0 920 10.051078261716366
700.0 920 10.047732229443493
725.0 920 10.044238471029693
750.0 920 10.041939298022458
775.0 920 10.039423774989405
800.0 920 10.037124300916606
825.0 920 10.035017207042184
850.0 920 10.03308193112722
875.0 920 10.03130054774542
900.0 920 10.029657378236301
925.0 920 10.028138665450136
950.0 920 10.026732301443838
975.0000000000001 920 10.025427598592096
1000.0 920 10.024215096514272

25.0 960 11.092052498347096
50.0 960 11.255840826478448
75.0 960 11.090916163769315
100.0 960 10.849411721065852
125.0 960 10.67160650668372
150.0 960 10.546263927505185
175.0 960 10.454704723958278
200.0 960 10.385001200230345
225.0 960 10.330175064568609
250.0 960 10.286019011299132
275.0 960 10.249841526120743
300.0 960 10.219815110153027
325.0 960 10.19463620449218
350.0 960 10.17333969044376
375.0 960 10.155191372391265
400.0 960 10.139621563765266
425.0 960 10.126181617438503
450.0 960 10.114514081339077
475.0 960 10.104331435768641
500.0 960 10.09540051815105
525.0 960 10.087530874970911
550.0 960 10.080565912713796
575.0 960 10.07437609205331
600.0 960 10.068853640902601
625.0 960 10.063908412546187
650.0 960 10.059464616703877
675.0 960 10.05545822229538
700.0 960 10.051834881228766
725.0 960 10.048050261396716
750.0 960 10.045558685459161
775.0 960 10.042832057844473
800.0 960 10.040338945762295
825.0 960 10.038053856295326
850.0 960 10.035954628486977
875.0 960 10.034021932009525
900.0 960 10.03223885040344
925.0 960 10.03059053314083
950.0 960 10.029063904057304
975.0000000000001 960 10.027647416072078
1000.0 960 10.026330844068854

25.0 1000 11.120953563340855
50.0 1000 11.244829480205864
75.0 1000 11.121547050668031
100.0 1000 10.886909550304281
125.0 1000 10.706807409778666
150.0 1000 10.577750941584847
175.0 1000 10.482669922338566
200.0 1000 10.409871142353946
225.0 1000 10.352352228637635
250.0 1000 10.3058501753248
275.0 1000 10.26762397075842
300.0 1000 10.235805243875967
325.0 1000 10.209056043750213
350.0 1000 10.186381679773785
375.0 1000 10.16702227252649
400.0 1000 10.15038579680305
425.0 1000 10.136004226860942
450.0 1000 10.123503361978715
475.0 1000 10.112581255769273
500.0 1000 10.102992350175908
525.0 1000 10.094535557600638
550.0 1000 10.087045166977248
575.0 1000 10.08038382016181
600.0 1000 10.07443703437537
625.0 1000 10.069108895572342
650.0 1000 10.064318648272339
675.0 1000 10.05999797816267
700.0 1000 10.056088833925067
725.0 1000 10.052004222439448
750.0 1000 10.049314033006635
775.0 1000 10.046369386510843
800.0 1000 10.043676181048667
825.0 1000 10.04120706698305
850.0 1000 10.038938253646533
875.0 1000 10.036848976640366
900.0 1000 10.03492105440397
925.0 1000 10.03313851767328
950.0 1000 10.031487298568798
975.0000000000001 1000 10.029954968850035
1000.0 1000 10.028530518676364

25.0 1040 11.143044072795249
50.0 1040 11.22938883233168
75.0 1040 11.148295813244156
100.0 1040 10.922473052807698
125.0 1040 10.741054572985465
150.0 1040 10.608780356064107
175.0 1040 10.510461665810661
200.0 1040 10.434745200376067
225.0 1040 10.374648122544315
250.0 1040 10.325873548297867
275.0 1040 10.28564401144342
300.0 1040 10.25205893852598
325.0 1040 10.223752023922001
350.0 1040 10.199703271973242
375.0 1040 10.179130138549455
400.0 1040 10.161420387135871
425.0 1040 10.146088102781112
450.0 1040 10.13274337079928
475.0 1040 10.121070530004944
500.0 1040 10.110812110622097
525.0 1040 10.10175671410616
550.0 1040 10.093729722326477
575.0 1040 10.086586090214059
600.0 1040 10.080204701652367
625.0 1040 10.07448391507356
650.0 1040 10.06933802411034
675.0 1040 10.064694428407808
700.0 1040 10.060491359484654
725.0 1040 10.056097995186784
750.0 1040 10.053203207634743
775.0 1040 10.050033865784377
800.0 1040 10.047134317772333
825.0 1040 10.044475329495262
850.0 1040 10.042031453593438
875.0 1040 10.039780465735825
900.0 1040 10.037702894781598
925.0 1040 10.0357816296844
950.0 1040 10.034001589339375
975.0000000000001 1040 10.032349444312775
1000.0 1040 10.030813381461618

25.0 1080 11.155845357808758
50.0 1080 11.21046571198566
75.0 1080 11.17122977723661
100.0 1080 10.956031024417694
125.0 1080 10.774264159633326
150.0 1080 10.639272634112626
175.0 1080 10.538007700031292
200.0 1080 10.45955949632529
225.0 1080 10.397007442178793
250.0 1080 10.346041955318915
275.0 1080 10.30386179217451
300.0 1080 10.268542705743062
325.0 1080 10.238696075067278
350.0 1080 10.213280943867149
375.0 1080 10.191495231046263
400.0 1080 10.172708730292799
425.0 1080 10.156419233727119
450.0 1080 10.142222241492375
475.0 1080 10.129789169568387
500.0 1080 10.11885118684771
525.0 1080 10.109186961715881
550.0 1080 10.100613224152799
575.0 1080 10.092977410310683
600.0 1080 10.086151877520052
625.0 1080 10.08002932035339
650.0 1080 10.074519115201262
675.0 1080 10.069544388632888
700.0 1080 10.065039653894802
725.0 1080 10.06032915271179
750.0 1080 10.05722401351429
775.0 1080 10.053823543346837
800.0 1080 10.050711614961422
825.0 1080 10.047857086909262
850.0 1080 10.045232832188931
875.0 1080 10.042815144061505
900.0 1080 10.040583240135907
925.0 1080 10.038518846946923
950.0 1080 10.036605850636226
975.0000000000001 1080 10.034830002249985
1000.0 1080 10.033178668210716

25.0 1120 11.158438874519232
50.0 1120 11.189014952695402
75.0 1120 11.190449535681692
100.0 1120 10.987533239865387
125.0 1120 10.80636633239187
150.0 1120 10.669158100045374
175.0 1120 10.565242633230618
200.0 1120 10.484254801168975
225.0 1120 10.419377947415352
250.0 1120 10.366310184770882
275.0 1120 10.322238673832675
300.0 1120 10.285223777226543
325.0 1120 10.253860521927592
350.0 1120 10.227091357285254
375.0 1120 10.204097863027856
400.0 1120 10.184234192574563
425.0 1120 10.166983530700934
450.0 1120 10.151928003602967
475.0 1120 10.138726968654261
500.0 1120 10.127100845322543
525.0 1120 10.11681879822294
550.0 1120 10.10768920304492
575.0 1120 10.099552180186757
600.0 1120 10.0922736956679
625.0 1120 10.085740867153097
650.0 1120 10.079858206445328
675.0 1120 10.074544595507048
700.0 1120 10.069730840936636
725.0 1120 10.064695203168572
750.0 1120 10.061374194647202
775.0 1120 10.057736411974712
800.0 1120 10.05440628154869
825.0 1120 10.05135073656516
850.0 1120 10.048540951510708
875.0 1120 10.045951718175193
900.0 1120 10.043560924120605
925.0 1120 10.041349115204019
950.0 1120 10.039299127356736
975.0000000000001 1120 10.037395775493021
1000.0 1120 10.035625589927095

25.0 1160 11.151409893592028
50.0 1160 11.165981415979935
75.0 1160 11.20608362466782
100.0 1160 11.016948178023505
125.0 1160 10.837304166370606
150.0 1160 10.698376497468672
175.0 1160 10.592107838391277
200.0 1160 10.508776599345348
225.0 1160 10.441710589382877
250.0 1160 10.38663512834349
275.0 1160 10.34073736448777
300.0 1160 10.302070217220885
325.0 1160 10.269218177191096
350.0 1160 10.241111434683884
375.0 1160 10.216918460537086
400.0 1160 10.195980159352667
425.0 1160 10.177766865588863
450.0 1160 10.161848613062004
475.0 1160 10.147873628901458
500.0 1160 10.135552251130948
525.0 1160 10.124644617617081
550.0 1160 10.114951087416099
575.0 1160 10.106304701414953
600.0 1160 10.098565197011439
625.0 1160 10.091614224483596
650.0 1160 10.085351502240934
675.0 1160 10.079691711391423
700.0 1160 10.074561976046157
725.0 1160 10.069193592926494
750.0 1160 10.06565143751823
775.0 1160 10.061770411793352
800.0 1160 10.058216478268632
825.0 1160 10.054954631678129
850.0 1160 10.051954333232468
875.0 1160 10.04918885762002
900.0 1160 10.0466347464238
925.0 1160 10.044271349048762
950.0 1160 10.042080435771455
975.0000000000001 1160 10.04004587054472
1000.0 1160 10.038153333382326

25.0 1200 11.136624917577214
50.0 1200 11.142281584625835
75.0 1200 11.218283805043342
100.0 1200 11.044260817838495
125.0 1200 10.867032503685724
150.0 1200 10.726876461497422
175.0 1200 10.618551279749589
200.0 1200 10.533075096399791
225.0 1200 10.463959598093206
250.0 1200 10.406975894585415
275.0 1200 10.359322032551725
300.0 1200 10.319051023951783
325.0 1200 10.28474242776975
350.0 1200 10.255318430403193
375.0 1200 10.22993762054014
400.0 1200 10.207930081676977
425.0 1200 10.188755108552485
450.0 1200 10.171971982136277
475.0 1200 10.157218783421477
500.0 1200 10.14419648725553
525.0 1200 10.132656725658084
550.0 1200 10.122392216104478
575.0 1200 10.113229187664292
600.0 1200 10.105021338053396
625.0 1200 10.09764498146292
650.0 1200 10.090995132150525
675.0 1200 10.084982329009968
700.0 1200 10.079530050176363
725.0 1200 10.073821709694208
750.0 1200 10.070053373857446
775.0 1200 10.065923432573147
800.0 1200 10.06214031958695
825.0 1200 10.058667082984254
850.0 1200 10.055471460019925
875.0 1200 10.052525196094187
900.0 1200 10.049803473823559
925.0 1200 10.04728443279516
950.0 1200 10.04494876431162
975.0000000000001 1200 10.042779368262478
1000.0 1200 10.040761061707661

25.0 1240 11.116881579064213
50.0 1240 11.118784633370506
75.0 1240 11.227220975342075
100.0 1240 11.069470555558356
125.0 1240 10.89551678610774
150.0 1240 10.75461492623762
175.0 1240 10.644527274630407
200.0 1240 10.557105175050532
225.0 1240 10.48608253266899
250.0 1240 10.427293896734012
275.0 1240 10.377958402711084
300.0 1240 10.336136219847065
325.0 1240 10.300407313819461
350.0 1240 10.269689997300157
375.0 1240 10.24313616589136
400.0 1240 10.22006752107725
425.0 1240 10.199934164265692
450.0 1240 10.1822860087031
475.0 1240 10.166752020399413
500.0 1240 10.153024573675914
525.0 1240 10.140847355341737
550.0 1240 10.130005850926736
575.0 1240 10.120319774935382
600.0 1240 10.111636999276035
625.0 1240 10.103828654237995
650.0 1240 10.096785156590755
675.0 1240 10.090412976184046
700.0 1240 10.08463199375137
725.0 1240 10.07857688573798
750.0 1240 10.074577583375035
775.0 1240 10.070193316055487
800.0 1240 10.066175875701077
825.0 1240 10.062486360414619
850.0 1240 10.059090776955138
875.0 1240 10.055959332711913
900.0 1240 10.053065841220848
925.0 1240 10.050387221392189
950.0 1240 10.047903074310712
975.0000000000001 1240 10.045595324514109
1000.0 1240 10.043447914960021

25.0 1280 11.095468304415226
50.0 1280 11.096293283121897
75.0 1280 11.233081702499744
100.0 1280 11.092589279562349
125.0 1280 10.922731897215556
150.0 1280 10.781556487570128
175.0 1280 10.669996201828145
200.0 1280 10.580826305254694
225.0 1280 10.508040296693334
250.0 1280 10.447552915770808
275.0 1280 10.39661383495816
300.0 1280 10.353296930457256
325.0 1280 10.316187600327703
350.0 1280 10.284204248528326
375.0 1280 10.25649519716912
400.0 1280 10.232376192311648
425.0 1280 10.211290006906694
450.0 1280 10.192778604717054
475.0 1280 10.176462906252839
500.0 1280 10.162027486158703
525.0 1280 10.149208682187991
550.0 1280 10.137785189173183
575.0 1280 10.127570531791653
600.0 1280 10.118406993537327
625.0 1280 10.110160692886502
650.0 1280 10.102717572567643
675.0 1280 10.095980120596899
700.0 1280 10.089864680635113
725.0 1280 10.083456401093061
750.0 1280 10.079221596567033
775.0 1280 10.074577858317216
800.0 1280 10.07032117450424
825.0 1280 10.066410694809388
850.0 1280 10.062810693011079
875.0 1280 10.059489833211176
900.0 1280 10.05642055271196
925.0 1280 10.05357854134413
950.0 1280 10.050942300844067
975.0000000000001 1280 10.048492770898493
1000.0 1280 10.046213010755151

25.0 1320 11.07567839022499
50.0 1320 11.075525097010056
75.0 1320 11.236065326465813
100.0 1320 11.113639626481419
125.0 1320 10.948661040265431
150.0 1320 10.807672739404492
175.0 1320 10.69492416728692
200.0 1320 10.604202414117577
225.0 1320 10.529797121627325
250.0 1320 10.467719139989072
275.0 1320 10.415257387103827
300.0 1320 10.370505452044517
325.0 1320 10.332058841120277
350.0 1320 10.298839814267835
375.0 1320 10.269996141176293
400.0 1320 10.24484000402214
425.0 1320 10.222808713734656
450.0 1320 10.203437723780125
475.0 1320 10.186341008163978
500.0 1320 10.171196174717181
525.0 1320 10.15773283933805
550.0 1320 10.145723375977806
575.0 1320 10.134975469526262
600.0 1320 10.12532607443509
625.0 1320 10.116636488359886
650.0 1320 10.10878831942722
675.0 1320 10.101680174567937
700.0 1320 10.095224932132481
725.0 1320 10.088457486853478
750.0 1320 10.083982897559581
775.0 1320 10.079074812168196
800.0 1320 10.074574203653205
825.0 1320 10.070438279638998
850.0 1320 10.066629582508003
875.0 1320 10.063115231256429
900.0 1320 10.059866282691925
925.0 1320 10.05685719164881
950.0 1320 10.054065353517744
975.0000000000001 1320 10.051470715425886
1000.0 1320 10.049055444858558

25.0 1360 11.060336750350112
50.0 1360 11.057095134684749
75.0 1360 11.236381571787511
100.0 1360 11.132653430831859
125.0 1360 10.97329467274001
150.0 1360 10.832941599737861
175.0 1360 10.719282637414178
200.0 1360 10.627201721566582
225.0 1360 10.551320521257516
250.0 1360 10.487761182471248
275.0 1360 10.433859861345137
300.0 1360 10.387735308123698
325.0 1360 10.347997435251688
350.0 1360 10.313575893356907
375.0 1360 10.283620796049295
400.0 1360 10.257443097027423
425.0 1360 10.234476497176344
450.0 1360 10.214251387740468
475.0 1360 10.196375916042955
500.0 1360 10.180521581645193
525.0 1360 10.166411932409593
550.0 1360 10.153813516532063
575.0 1360 10.142528552216843
600.0 1360 10.132388944663681
625.0 1360 10.123251379383452
650.0 1360 10.114993284585466
675.0 1360 10.107509499870421
700.0 1360 10.10070952101421
725.0 1360 10.093577328451566
750.0 1360 10.088858926955021
775.0 1360 10.08368188956605
800.0 1360 10.07893291260962
825.0 1360 10.074567272753233
850.0 1360 10.07054578662735
875.0 1360 10.066834029697583
900.0 1360 10.06340167694697
925.0 1360 10.060221944775952
950.0 1360 10.057271117309167
975.0000000000001 1360 10.054528143262056
1000.0 1360 10.051974291830359

25.0 1400 11.051407495513153
50.0 1400 11.04150101334486
75.0 1400 11.234248583875718
100.0 1400 11.149670371079397
125.0 1400 10.996629513578835
150.0 1400 10.85734664064536
175.0 1400 10.74304804967056
200.0 1400 10.649796547485334
225.0 1400 10.572581220414062
250.0 1400 10.50765007809339
275.0 1400 10.452393835616407
300.0 1400 10.404961295032889
325.0 1400 10.363980675837098
350.0 1400 10.328392299708915
375.0 1400 10.29735137281081
400.0 1400 10.270169880332332
425.0 1400 10.246279735325912
450.0 1400 10.225207712244385
475.0 1400 10.206557263754714
500.0 1400 10.189994659125096
525.0 1400 10.175238054045217
550.0 1400 10.162048688134075
575.0 1400 10.150223706731007
600.0 1400 10.139590264281066
625.0 1400 10.130000659357659
650.0 1400 10.12132830931866
675.0 1400 10.113464412528987
700.0 1400 10.106315175560113
725.0 1400 10.098813068954668
750.0 1400 10.093847084705192
775.0 1400 10.088396764065285
800.0 1400 10.08339521470546
825.0 1400 10.078795798163402
850.0 1400 10.074557614920716
875.0 1400 10.070644701893665
900.0 1400 10.067025353789537
925.0 1400 10.063671547598817
950.0 1400 10.060558453416107
975.0000000000001 1400 10.057664017443903
1000.0 1400 10.05496860565415

25.0 1440 11.049746321334453
50.0 1440 11.029111417617832
75.0 1440 11.22989129863723
100.0 1440 11.164736807193078
125.0 1440 11.018667634456703
150.0 1440 10.88087643432185
175.0 1440 10.76620140921307
200.0 1440 10.671963096011245
225.0 1440 10.593553061187235
250.0 1440 10.527359261786199
275.0 1440 10.470833680557975
300.0 1440 10.422159517038908
325.0 1440 10.37998679133559
350.0 1440 10.343269503469097
375.0 1440 10.311170533313541
400.0 1440 10.283005064599788
425.0 1440 10.258205000744002
450.0 1440 10.236294931123231
475.0 1440 10.216874749590033
500.0 1440 10.19960638631025
525.0 1440 10.18420329813066
550.0 1440 10.170421952020693
575.0 1440 10.158054832559136
600.0 1440 10.146924658904881
625.0 1440 10.136879583197866
650.0 1440 10.127789194439803
675.0 1440 10.119541187640808
700.0 1440 10.112038583600267
725.0 1440 10.104161812403701
750.0 1440 10.09894473300603
775.0 1440 10.093217073242302
800.0 1440 10.08795898924891
825.0 1440 10.083121947829795
850.0 1440 10.078663346851105
875.0 1440 10.074545693031176
900.0 1440 10.070735905196354
925.0 1440 10.067204722426592
950.0 1440 10.063926200091759
975.0000000000001 1440 10.060877279631296
1000.0 1440 10.058037420391322

25.0 1480 11.055039185865423
50.0 1480 11.020158959865844
75.0 1480 11.223540051313716
100.0 1480 11.1779047988857
125.0 1480 11.03941564230696
150.0 1480 10.90352392508304
175.0 1480 10.78872787955155
200.0 1480 10.693681222252094
225.0 1480 10.61421288985998
250.0 1480 10.54686452985537
275.0 1480 10.489155562997682
300.0 1480 10.43930741130393
325.0 1480 10.39599497956143
350.0 1480 10.358188666999316
375.0 1480 10.325061424556768
400.0 1480 10.295933693113938
425.0 1480 10.270239087558414
450.0 1480 10.247501419618919
475.0 1480 10.22731815595798
500.0 1480 10.209347785885143
525.0 1480 10.193299773661968
550.0 1480 10.178926364944987
575.0 1480 10.166015811480367
600.0 1480 10.154386727814751
625.0 1480 10.143883374094822
650.0 1480 10.134371706038362
675.0 1480 10.125736064139431
700.0 1480 10.117876396549812
725.0 1480 10.109620627126388
750.0 1480 10.104149199187383
775.0 1480 10.098140421209326
800.0 1480 10.092622083631653
825.0 1480 10.087543783455995
850.0 1480 10.08286123334345
875.0 1480 10.078535421441162
900.0 1480 10.074531897955001
925.0 1480 10.07082016796936
950.0 1480 10.067373173535808
975.0000000000001 1480 10.064166850869032
1000.0 1480 10.061179750842625

25.0 1520 11.065932524237288
50.0 1520 11.014738038908906
75.0 1520 11.215429332422556
100.0 1520 11.189231289424443
125.0 1520 11.058883956708298
150.0 1520 10.925285835334929
175.0 1520 10.810616374154138
200.0 1520 10.71493418638935
225.0 1520 10.634540427726861
250.0 1520 10.566143986176545
275.0 1520 10.507337436980537
300.0 1520 10.456383763193434
325.0 1520 10.411985434510347
350.0 1520 10.373131675680034
375.0 1520 10.339007709288916
400.0 1520 10.308941170178441
425.0 1520 10.282369036708767
450.0 1520 10.258815716365133
475.0 1520 10.237877368172379
500.0 1520 10.219209939979981
525.0 1520 10.202519618193877
550.0 1520 10.1875549904885
575.0 1520 10.174100517085323
600.0 1520 10.16197105193281
625.0 1520 10.151007230265673
650.0 1520 10.141071581091262
675.0 1520 10.132045249594245
700.0 1520 10.12382523344812
725.0 1520 10.115186549058794
750.0 1520 10.10945777865021
775.0 1520 10.103164381056546
800.0 1520 10.097382315436946
825.0 1520 10.092059338319853
850.0 1520 10.087149498338372
875.0 1520 10.082612279964788
900.0 1520 10.07841187483437
925.0 1520 10.074516560358111
950.0 1520 10.070898168754686
975.0000000000001 1520 10.067531632333402
1000.0 1520 10.06439459321152

25.0 1560 11.080321405648542
50.0 1560 11.012808011652396
75.0 1560 11.205796605243753
100.0 1560 11.198777437043493
125.0 1560 11.07708618243397
150.0 1560 10.946162111550365
175.0 1560 10.83185915508687
200.0 1560 10.735708399816797
225.0 1560 10.6545181288748
250.0 1560 10.585177975193158
275.0 1560 10.525359023383022
300.0 1560 10.473368712595935
325.0 1560 10.427939366317869
350.0 1560 10.388081163655889
375.0 1560 10.352993593024923
400.0 1560 10.322013286888374
425.0 1560 10.294582159412311
450.0 1560 10.270226544040371
475.0 1560 10.24854239236187
500.0 1560 10.229184005551867
525.0 1560 10.211855010878926
550.0 1560 10.19630091009373
575.0 1560 10.182302824072567
600.0 1560 10.169672201672302
625.0 1560 10.158246331545211
650.0 1560 10.147884533080122
675.0 1560 10.138464924918983
700.0 1560 10.12988168496734
725.0 1560 10.120856585087203
750.0 1560 10.114867737733192
775.0 1560 10.108286497353724
800.0 1560 10.102237474577555
825.0 1560 10.096666619087276
850.0 1560 10.091526340367073
875.0 1560 10.086774637301817
900.0 1560 10.08237435575607
925.0 1560 10.078292554165808
950.0 1560 10.074499960455666
975.0000000000001 1560 10.070970506133532
1000.0 1560 10.067680925788851

10.0
